
353
57
1197
,
354
57
1197
,
354
58
1006
,
354
58
1006
,
354
56
1222
,
354
56
1222
,
355
56
1222
,
355
55
1230
,
355
55
1230
,
355
56
1101
,
355
56
1101
,
355
55
1210
,
356
55
1210
,
356
54
1145
,
355
54
1145
,
355
54
924
,
356
54
924
,
356
54
1029
,
356
54
1029
,
356
54
1077
,
357
54
1077
,
357
55
1055
,
357
55
1055
,
357
54
1031
,
357
54
1031
,
357
56
1005
,
355
56
1005
,
355
57
959
,
355
57
959
,
355
58
981
,
355
58
981
,
355
59
1037
,
355
59
1037
,
355
58
1256
,
355
58
1256
,
355
57
1189
,
355
57
1189
,
355
57
1002
,
355
57
1002
,
355
57
1004
,
355
57
1004
,
355
57
1047
,
356
57
1047
,
355
57
1047
,
355
55
1402
,
357
55
1402
,
357
54
1162
,
366
54
1162
,
366
53
1136
,
377
53
1136
,
377
53
1181
,
373
53
1181
,
373
52
1209
,
364
52
1209
,
364
53
1069
,
368
53
1069
,
368
53
1036
,
344
53
1036
,
344
53
1068
,
344
53
1068
,
344
53
1007
,
351
53
1007
,
350
53
1007
,
350
52
1215
,
348
52
1215
,
348
54
1130
,
346
54
1130
,
346
55
935
,
345
55
935
,
345
55
1003
,
344
55
1003
,
344
56
1066
,
343
56
1066
,
343
57
1071
,
343
57
1071
,
343
56
1231
,
343
56
1231
,
343
56
1039
,
343
56
1039
,
343
56
1084
,
342
56
1084
,
342
55
1158
,
343
55
1158
,
343
55
1221
,
343
55
1221
,
343
54
1259
,
343
54
1259
,
343
53
1090
,
344
53
1090
,
344
53
1009
,
343
53
1009
,
343
53
1116
,
344
53
1116
,
344
53
1116
,
344
52
1267
,
345
52
1267
,
345
53
1173
,
346
53
1173
,
346
52
1223
,
347
52
1223
,
347
52
1034
,
346
52
1034
,
346
52
1040
,
347
52
1040
,
347
54
969
,
347
54
969
,
347
55
953
,
347
55
953
,
347
56
951
,
347
56
951
,
347
55
1090
,
347
55
1090
,
347
55
1200
,
348
55
1200
,
348
56
1070
,
348
56
1070
,
349
56
1070
,
349
55
1320
,
349
55
1320
,
349
56
1181
,
349
56
1181
,
349
55
1050
,
349
55
1050
,
349
55
1122
,
349
55
1122
,
349
54
1228
,
350
54
1228
,
350
53
1040
,
350
53
1040
,
350
52
1153
,
350
52
1153
,
350
52
1110
,
351
52
1110
,
351
53
994
,
351
53
994
,
351
53
1117
,
352
53
1117
,
352
54
1169
,
351
54
1169
,
352
54
1169
,
352
54
1171
,
353
54
1171
,
353
53
1189
,
354
53
1189
,
354
54
964
,
354
54
964
,
354
54
1201
,
354
54
1201
,
354
54
1062
,
355
54
1062
,
355
54
1053
,
355
54
1053
,
355
55
1084
,
356
55
1084
,
356
54
1000
,
357
54
1000
,
357
55
948
,
357
55
948
,
357
56
1055
,
357
56
1055
,
357
56
1236
,
358
56
1236
,
358
56
1162
,
358
56
1162
,
358
55
1182
,
358
55
1182
,
358
56
968
,
357
56
968
,
357
56
1026
,
356
56
1026
,
356
56
1092
,
356
56
1092
,
356
56
982
,
357
56
982
,
357
56
1089
,
357
56
1089
,
357
56
1089
,
357
55
1167
,
358
55
1167
,
358
55
1100
,
358
55
1100
,
358
55
1188
,
358
55
1188
,
358
56
956
,
358
56
956
,
358
56
1056
,
357
56
1056
,
357
56
1075
,
358
56
1075
,
358
56
1036
,
356
56
1036
,
356
56
1140
,
357
56
1140
,
357
55
1017
,
357
55
1017
,
357
55
1145
,
358
55
1145
,
358
55
1271
,
358
55
1271
,
358
55
1026
,
359
55
1026
,
359
55
1026
,
359
55
1176
,
359
55
1176
,
359
54
1232
,
359
54
1232
,
359
53
1188
,
358
53
1188
,
358
53
1003
,
359
53
1003
,
359
54
963
,
359
54
963
,
359
54
1028
,
359
54
1028
,
359
54
1023
,
360
54
1023
,
360
55
1096
,
360
55
1096
,
360
55
1130
,
360
55
1130
,
360
55
1081
,
361
55
1081
,
361
55
1248
,
361
55
1248
,
361
55
1248
,
361
54
1400
,
360
54
1400
,
360
54
1157
,
360
54
1157
,
360
53
1223
,
361
53
1223
,
360
53
1223
,
360
49
1911
,
360
49
1911
,
360
50
806
,
360
50
865
,
358
50
865
,
356
50
865
,
356
50
1252
,
355
50
1252
,
355
49
1226
,
356
49
1226
,
356
49
1183
,
356
49
1183
,
356
49
1191
,
356
49
1191
,
356
50
1113
,
355
50
1113
,
356
50
1113
,
356
50
1207
,
355
50
1207
,
355
51
1062
,
355
51
1062
,
355
55
1014
,
355
55
1014
,
355
54
1079
,
356
54
1079
,
356
52
1217
,
356
52
1217
,
356
52
1170
,
356
52
1170
,
356
52
1263
,
357
52
1263
,
357
53
1029
,
357
53
1029
,
357
53
1092
,
358
53
1092
,
358
53
1096
,
358
53
1096
,
358
54
1051
,
358
54
1051
,
359
54
1051
,
359
54
1175
,
359
54
1175
,
359
53
1168
,
360
53
1168
,
360
53
1038
,
361
53
1038
,
361
54
1116
,
361
54
1116
,
361
54
1091
,
361
54
1091
,
361
55
1029
,
362
55
1029
,
362
55
1104
,
361
55
1104
,
361
55
1072
,
362
55
1072
,
362
54
1174
,
363
54
1174
,
363
54
1136
,
363
54
1136
,
363
56
882
,
364
56
882
,
364
57
874
,
364
57
874
,
364
58
900
,
365
58
900
,
365
59
951
,
365
59
951
,
365
57
1421
,
365
57
1421
,
365
57
1072
,
367
57
1072
,
367
57
1055
,
366
57
1055
,
366
57
1120
,
367
57
1120
,
367
57
1120
,
367
57
1205
,
367
57
1205
,
367
56
1214
,
368
56
1214
,
368
54
1300
,
368
54
1300
,
368
53
1059
,
369
53
1059
,
369
52
1047
,
369
52
1047
,
369
51
1171
,
370
51
1171
,
370
52
1269
,
370
52
1269
,
370
52
1269
,
370
52
1173
,
371
52
1173
,
371
51
1277
,
371
51
1277
,
371
51
1085
,
372
51
1085
,
372
51
1062
,
372
51
1062
,
372
51
1222
,
373
51
1222
,
373
51
1306
,
373
51
1306
,
373
51
1306
,
373
51
1268
,
374
51
1268
,
374
49
1306
,
374
49
1306
,
374
50
1069
,
374
50
1069
,
374
51
1058
,
375
51
1058
,
375
51
1195
,
375
51
1195
,
375
51
1260
,
376
51
1260
,
377
51
1260
,
377
50
1238
,
377
50
1238
,
377
49
1285
,
377
49
1285
,
377
50
1093
,
378
50
1093
,
378
51
1012
,
378
51
1012
,
378
52
1125
,
378
52
1125
,
378
52
1296
,
378
52
1296
,
379
52
1296
,
379
51
1255
,
379
51
1255
,
379
50
1303
,
379
50
1303
,
379
50
1168
,
380
50
1168
,
380
50
1201
,
380
50
1201
,
380
50
1237
,
381
50
1237
,
381
51
1078
,
381
51
1078
,
381
51
1078
,
381
51
1140
,
382
51
1140
,
382
50
1166
,
382
50
1166
,
382
51
1014
,
382
51
1014
,
382
51
1098
,
383
51
1098
,
383
51
1359
,
383
51
1359
,
383
52
1144
,
383
52
1144
,
383
52
1168
,
384
52
1168
,
384
52
1124
,
384
52
1124
,
384
53
975
,
384
53
975
,
384
53
1033
,
384
53
1033
,
385
53
1033
,
385
53
1342
,
385
53
1342
,
385
53
1040
,
385
53
1040
,
385
53
1074
,
386
53
1074
,
386
52
1322
,
386
52
1322
,
386
53
1109
,
386
53
1109
,
386
53
1151
,
387
53
1151
,
387
53
1063
,
387
53
1063
,
387
54
1059
,
387
54
1059
,
388
54
1059
,
388
52
1377
,
387
52
1377
,
387
51
1147
,
388
51
1147
,
388
52
1305
,
388
52
1305
,
388
51
1104
,
388
51
1104
,
388
51
1027
,
388
51
1027
,
388
53
1035
,
388
53
1035
,
388
53
1003
,
389
53
1003
,
389
54
1086
,
389
54
1086
,
389
53
1233
,
389
53
1233
,
389
53
1233
,
389
52
1176
,
389
52
1176
,
389
53
1123
,
389
53
1123
,
389
53
1186
,
389
53
1186
,
389
54
1129
,
389
54
1129
,
389
55
975
,
390
55
975
,
390
55
978
,
390
55
978
,
390
55
1023
,
390
55
1023
,
390
55
1007
,
390
55
1007
,
390
55
1079
,
391
55
1079
,
391
55
1286
,
390
55
1286
,
390
55
1083
,
390
55
1083
,
390
55
1083
,
390
54
1267
,
390
54
1267
,
390
55
1181
,
391
55
1181
,
391
55
1019
,
391
55
1019
,
391
55
1084
,
390
55
1084
,
390
54
1126
,
391
54
1126
,
391
53
1240
,
390
53
1240
,
390
51
1305
,
391
51
1305
,
391
51
1193
,
391
51
1193
,
391
51
1193
,
391
51
1155
,
391
51
1155
,
391
51
1129
,
391
51
1129
,
391
52
1050
,
391
52
1050
,
391
53
965
,
391
53
965
,
391
53
1076
,
391
53
1076
,
391
53
1121
,
392
53
1121
,
392
52
1279
,
392
52
1279
,
392
52
1300
,
392
52
1300
,
392
53
1119
,
392
53
1119
,
392
53
1119
,
392
53
1123
,
393
53
1123
,
393
53
1099
,
393
53
1099
,
393
54
1021
,
393
54
1021
,
393
54
1053
,
393
54
1053
,
393
52
1317
,
393
52
1317
,
393
52
1152
,
394
52
1152
,
394
52
1106
,
393
52
1106
,
393
53
1119
,
394
53
1119
,
394
54
1063
,
394
54
1063
,
394
54
979
,
394
54
979
,
394
55
1065
,
394
55
1065
,
394
54
1211
,
394
54
1211
,
394
54
1034
,
394
54
1034
,
395
54
1034
,
395
53
1178
,
395
53
1178
,
395
54
1104
,
395
54
1104
,
395
55
962
,
395
55
962
,
395
56
1050
,
396
56
1050
,
396
56
1109
,
396
56
1109
,
396
56
1021
,
396
56
1021
,
396
55
1123
,
397
55
1123
,
397
54
1258
,
396
54
1258
,
396
55
1159
,
397
55
1159
,
397
54
1233
,
396
54
1233
,
396
54
1042
,
396
54
1042
,
398
54
1042
,
398
54
1085
,
397
54
1085
,
397
53
1158
,
397
53
1158
,
397
54
1002
,
398
54
1002
,
398
54
1036
,
398
54
1036
,
398
53
1148
,
398
53
1148
,
398
54
1005
,
398
54
1005
,
398
55
1066
,
399
55
1066
,
399
55
1225
,
398
55
1225
,
398
55
1109
,
399
55
1109
,
399
54
1187
,
399
54
1187
,
399
54
1102
,
399
54
1102
,
399
55
979
,
399
55
979
,
399
55
1042
,
399
55
1042
,
399
55
1088
,
400
55
1088
,
400
56
974
,
400
56
974
,
400
56
1037
,
400
56
1037
,
400
56
1037
,
400
55
1125
,
400
55
1125
,
400
57
975
,
400
57
993
,
400
57
993
,
400
57
993
,
400
57
1124
,
400
57
1124
,
400
58
1079
,
401
58
1079
,
401
58
948
,
400
58
948
,
400
58
1007
,
401
58
1007
,
401
58
1077
,
401
58
958
,
401
58
958
,
401
58
994
,
402
58
994
,
402
59
1063
,
402
59
1063
,
402
59
999
,
402
59
999
,
402
58
1043
,
402
58
1043
,
402
58
1043
,
402
57
1315
,
402
57
1315
,
402
57
1050
,
403
57
1050
,
403
56
1117
,
402
56
1117
,
402
56
1102
,
403
56
1102
,
403
56
1008
,
403
56
1008
,
403
56
1069
,
403
56
1069
,
403
55
1124
,
403
55
1124
,
403
54
1234
,
403
54
1234
,
403
54
1234
,
403
53
1277
,
404
53
1277
,
404
52
1172
,
404
52
1172
,
404
54
1044
,
404
54
1044
,
404
53
1072
,
404
53
1072
,
404
53
1136
,
404
53
1136
,
404
54
1006
,
404
54
1006
,
404
54
1036
,
404
54
1036
,
404
54
1103
,
405
54
1103
,
405
54
983
,
404
54
983
,
404
55
1060
,
405
55
1060
,
405
55
1258
,
406
55
1258
,
406
55
1123
,
405
55
1123
,
405
55
1146
,
405
55
1146
,
405
55
993
,
405
55
993
,
405
57
798
,
405
57
798
,
405
58
873
,
405
58
873
,
405
58
935
,
405
58
935
,
405
60
862
,
406
60
862
,
406
61
831
,
405
61
831
,
405
61
945
,
406
61
945
,
406
63
1006
,
406
65
908
,
405
65
908
,
405
66
897
,
406
66
897
,
406
66
989
,
406
66
989
,
406
65
971
,
406
65
971
,
406
65
866
,
406
65
866
,
406
65
926
,
405
65
926
,
405
64
1049
,
406
64
1049
,
406
63
947
,
406
63
947
,
406
63
961
,
406
63
961
,
406
63
999
,
406
63
999
,
406
63
993
,
406
63
993
,
406
62
971
,
406
62
971
,
406
62
1037
,
406
62
1037
,
406
61
1053
,
406
61
1053
,
406
61
972
,
406
61
972
,
406
60
1035
,
406
60
1035
,
406
60
1094
,
406
60
1094
,
406
60
960
,
407
60
960
,
407
59
1003
,
407
59
1003
,
407
59
1070
,
407
59
1070
,
407
59
959
,
407
59
959
,
407
59
926
,
407
60
886
,
407
60
886
,
407
60
1038
,
407
60
1038
,
407
60
1038
,
407
59
1126
,
407
59
1126
,
407
59
1117
,
407
59
1117
,
407
58
1181
,
407
58
1181
,
407
58
1008
,
407
58
1008
,
407
58
997
,
407
58
997
,
407
58
1056
,
407
58
1056
,
407
57
1179
,
407
57
1179
,
407
56
1129
,
407
56
1129
,
407
55
1155
,
408
55
1155
,
408
55
1046
,
407
55
1046
,
407
55
954
,
408
55
954
,
408
56
1021
,
408
56
1021
,
408
56
1107
,
408
56
1107
,
408
56
1000
,
408
56
1000
,
408
56
1063
,
408
56
1063
,
408
55
1228
,
408
55
1228
,
408
56
1060
,
407
56
1060
,
408
56
1060
,
408
56
1120
,
407
56
1120
,
407
56
1060
,
407
56
1060
,
407
57
971
,
408
57
971
,
408
56
993
,
408
56
993
,
408
56
1063
,
408
56
1063
,
408
56
1099
,
408
56
1099
,
408
56
1106
,
408
56
1106
,
408
55
1138
,
407
55
1138
,
407
57
993
,
408
57
993
,
408
57
1000
,
408
57
1000
,
408
57
1036
,
408
57
1036
,
408
58
936
,
408
58
936
,
408
58
989
,
408
58
989
,
408
58
1072
,
408
58
1072
,
408
57
1134
,
408
57
1134
,
408
57
1156
,
408
57
1156
,
408
56
1171
,
408
56
1171
,
408
57
1015
,
408
57
1015
,
408
57
1029
,
408
57
1029
,
408
57
1045
,
408
57
1045
,
408
57
981
,
408
57
981
,
408
57
1016
,
408
57
1016
,
408
56
1100
,
408
56
1100
,
408
55
1182
,
408
55
1182
,
408
55
1182
,
408
55
1191
,
408
55
1191
,
408
55
1135
,
409
55
1135
,
409
56
1027
,
408
56
1027
,
408
56
991
,
409
56
991
,
409
56
1075
,
408
56
1075
,
408
56
1044
,
408
56
1044
,
408
54
1252
,
409
54
1252
,
409
54
1217
,
409
54
1217
,
409
54
1056
,
409
54
1056
,
409
55
976
,
408
55
976
,
408
55
1082
,
409
55
1082
,
409
56
1025
,
409
56
1025
,
409
56
946
,
409
56
946
,
409
56
1030
,
409
56
1030
,
409
56
1101
,
409
56
1101
,
409
56
979
,
409
56
979
,
409
57
1041
,
409
57
1041
,
409
57
1249
,
409
57
1249
,
409
57
1060
,
409
57
1060
,
409
57
1039
,
409
57
1039
,
409
57
1057
,
409
57
1057
,
409
57
985
,
409
57
985
,
409
57
1031
,
409
57
1031
,
409
56
1102
,
410
56
1102
,
410
57
1048
,
410
57
1048
,
410
56
1065
,
409
56
1065
,
409
56
1065
,
409
56
1087
,
409
56
1087
,
409
57
1011
,
409
57
1011
,
409
57
1040
,
409
57
1040
,
409
57
1074
,
409
57
1074
,
409
57
1033
,
409
57
965
,
410
57
965
,
410
57
1052
,
410
57
1052
,
410
57
1052
,
410
57
1077
,
410
58
988
,
409
58
988
,
409
58
1056
,
410
58
1056
,
410
58
1056
,
410
58
1117
,
410
58
1117
,
410
58
1020
,
410
58
1020
,
410
57
1130
,
410
57
1130
,
410
56
1230
,
410
56
1230
,
410
56
1097
,
410
56
1097
,
410
55
1219
,
410
55
1219
,
410
54
1118
,
410
54
1118
,
410
55
1006
,
410
55
1006
,
410
54
1085
,
410
54
1085
,
410
54
1085
,
410
53
1276
,
410
53
1276
,
410
53
1132
,
410
53
1132
,
410
52
1228
,
410
52
1228
,
410
52
1130
,
410
52
1130
,
410
53
994
,
410
53
994
,
410
53
1049
,
410
53
1049
,
410
54
1097
,
410
54
1097
,
410
55
988
,
411
55
988
,
411
54
1095
,
411
54
1095
,
411
53
1249
,
411
53
1249
,
411
54
1179
,
411
54
1179
,
411
54
1179
,
411
53
1249
,
411
53
1249
,
411
54
1158
,
411
54
1158
,
411
54
987
,
410
54
987
,
410
54
1032
,
411
54
1032
,
411
54
1049
,
411
54
1049
,
411
55
937
,
411
55
937
,
411
55
1023
,
411
55
1023
,
411
55
1107
,
411
55
1107
,
411
56
1001
,
411
56
1001
,
411
56
1084
,
411
56
1084
,
411
57
1216
,
411
57
1216
,
411
57
1064
,
411
57
1064
,
411
56
1205
,
411
56
1205
,
411
56
1117
,
411
56
1117
,
411
56
955
,
411
56
955
,
411
56
1018
,
412
56
1018
,
412
55
1074
,
411
55
1074
,
411
56
953
,
412
56
953
,
412
56
1021
,
411
56
1021
,
411
56
1122
,
412
56
1122
,
412
57
992
,
412
57
992
,
412
57
1033
,
412
57
1033
,
412
57
1033
,
412
57
1243
,
412
57
1243
,
412
57
1041
,
412
57
1041
,
412
56
1128
,
412
56
1128
,
412
56
1150
,
412
56
1150
,
412
56
959
,
412
56
959
,
412
56
990
,
412
56
990
,
412
56
1107
,
412
56
1107
,
412
56
1009
,
412
56
1009
,
412
56
1016
,
412
56
1016
,
412
56
1164
,
413
56
1164
,
413
56
1167
,
412
56
1167
,
412
56
1082
,
412
56
1082
,
412
55
1218
,
413
55
1218
,
413
56
1075
,
413
56
1075
,
413
56
962
,
412
56
962
,
412
56
996
,
413
56
996
,
413
56
1098
,
413
56
1098
,
413
56
1003
,
413
56
1003
,
413
55
1131
,
413
55
1131
,
413
55
1121
,
412
55
1121
,
412
55
1121
,
412
55
1136
,
413
55
1136
,
413
55
1173
,
413
55
1173
,
413
55
1159
,
413
55
1159
,
413
56
960
,
413
56
960
,
413
56
1009
,
413
56
1009
,
413
55
1072
,
413
55
1072
,
413
56
961
,
413
56
961
,
413
56
992
,
413
56
992
,
413
56
1070
,
413
56
1070
,
413
57
968
,
413
57
968
,
413
58
989
,
413
58
989
,
413
59
1058
,
413
59
1058
,
413
60
978
,
413
60
978
,
413
59
1025
,
413
59
1025
,
413
59
1060
,
413
59
1060
,
413
59
1010
,
413
59
1010
,
413
59
1007
,
413
59
1007
,
413
59
1048
,
413
59
1048
,
413
59
1052
,
413
59
1052
,
413
59
942
,
414
59
942
,
414
59
994
,
414
59
994
,
414
59
1038
,
413
59
1038
,
413
59
954
,
413
59
954
,
413
59
1007
,
413
59
1007
,
413
59
1104
,
413
59
1104
,
413
59
1002
,
413
59
1002
,
413
60
933
,
413
60
933
,
413
60
1017
,
413
60
1017
,
413
60
1068
,
413
60
1068
,
413
59
971
,
413
59
971
,
413
59
1021
,
413
59
1021
,
413
58
1270
,
413
58
1270
,
413
57
1065
,
413
57
1065
,
413
57
1091
,
413
57
1091
,
413
57
1102
,
413
57
1102
,
413
57
1054
,
413
57
1054
,
413
56
984
,
413
56
984
,
413
56
1070
,
413
56
1070
,
413
55
1315
,
414
55
1315
,
414
54
1114
,
414
54
1114
,
413
54
1114
,
413
53
1312
,
413
53
1312
,
413
53
1165
,
413
53
1165
,
413
53
1022
,
413
53
1022
,
413
54
1075
,
414
54
1075
,
414
54
1091
,
414
54
1091
,
414
54
1010
,
414
54
1010
,
414
53
1063
,
414
53
1063
,
414
53
1116
,
414
53
1116
,
414
54
1166
,
414
54
1166
,
414
53
1204
,
413
53
1204
,
413
54
1134
,
413
54
1134
,
413
56
895
,
414
56
895
,
414
55
1096
,
413
55
1096
,
413
55
1130
,
413
55
1130
,
413
56
936
,
413
56
936
,
413
56
1065
,
414
56
1065
,
413
56
1065
,
413
54
1295
,
413
54
1295
,
413
54
1132
,
413
54
1132
,
413
54
1268
,
413
54
1268
,
413
54
1217
,
414
54
1217
,
414
54
1064
,
414
54
1064
,
414
53
1116
,
414
53
1116
,
414
53
1116
,
414
53
1158
,
414
53
975
,
414
53
975
,
414
53
1022
,
414
53
1022
,
414
53
1022
,
414
53
1169
,
414
54
990
,
414
54
990
,
414
55
1027
,
414
55
1027
,
414
55
1027
,
414
55
1184
,
415
55
1184
,
415
56
1016
,
415
57
954
,
414
57
954
,
414
57
1038
,
414
57
1038
,
414
58
1037
,
413
58
1037
,
413
58
1037
,
413
57
1113
,
413
57
1113
,
413
56
1202
,
413
56
1202
,
413
56
1168
,
414
56
1168
,
414
56
937
,
413
56
937
,
413
56
1056
,
413
56
1056
,
413
56
1113
,
413
56
1113
,
413
57
992
,
413
57
992
,
413
56
1004
,
414
56
1004
,
414
56
1184
,
414
56
1184
,
414
55
1190
,
413
55
1190
,
413
55
1031
,
413
55
1031
,
413
56
1082
,
413
56
1082
,
413
56
1050
,
413
56
1050
,
413
56
983
,
413
56
983
,
413
56
1059
,
413
56
1059
,
413
55
1236
,
412
55
1236
,
412
55
1236
,
412
55
1059
,
413
55
1059
,
413
54
1192
,
413
54
1192
,
413
54
1179
,
413
54
1179
,
413
55
980
,
413
55
980
,
413
55
1036
,
413
55
1036
,
413
55
1058
,
413
55
1058
,
413
56
943
,
413
56
943
,
413
57
876
,
413
57
876
,
413
57
1017
,
413
57
1017
,
413
58
1075
,
412
58
1075
,
412
56
1337
,
412
56
1337
,
412
57
980
,
412
57
980
,
412
58
1097
,
413
58
1097
,
413
57
1098
,
413
57
1098
,
413
58
889
,
413
58
889
,
413
59
885
,
413
59
885
,
413
59
856
,
413
60
816
,
412
60
816
,
412
61
812
,
412
61
812
,
412
63
824
,
413
63
824
,
413
66
846
,
411
66
846
,
411
67
870
,
411
67
870
,
411
68
961
,
411
68
961
,
411
68
1075
,
410
68
1075
,
410
67
1003
,
410
67
1003
,
410
67
923
,
410
67
923
,
410
65
1064
,
411
65
1064
,
411
64
1061
,
410
64
1061
,
410
61
1238
,
411
61
1238
,
411
58
1219
,
410
58
1219
,
410
57
1165
,
410
57
1165
,
410
56
1077
,
410
56
1077
,
410
55
1052
,
410
55
1052
,
410
55
1077
,
410
55
1077
,
410
55
979
,
410
55
979
,
410
55
1052
,
410
55
1052
,
410
55
1070
,
410
55
1070
,
410
55
978
,
410
55
978
,
410
56
1049
,
410
56
1049
,
410
57
1052
,
410
57
1052
,
410
57
1052
,
410
57
1129
,
410
57
1129
,
410
56
1310
,
410
56
1310
,
410
55
1175
,
410
55
1175
,
410
55
1161
,
410
55
1161
,
410
54
1183
,
409
54
1183
,
409
54
1005
,
409
54
1005
,
409
54
1139
,
409
54
1139
,
409
53
1098
,
409
53
1098
,
409
53
979
,
409
53
979
,
409
53
1168
,
410
53
1168
,
410
53
1045
,
409
53
1045
,
409
54
1095
,
409
54
1095
,
409
55
1009
,
409
55
1009
,
409
56
1061
,
408
56
1061
,
408
56
1183
,
409
56
1183
,
407
56
1183
,
407
55
1197
,
408
55
1197
,
408
55
1065
,
407
55
1065
,
407
55
1048
,
406
55
1048
,
406
55
1047
,
407
55
1047
,
407
56
979
,
407
56
979
,
407
56
998
,
406
56
998
,
406
56
1063
,
406
56
1063
,
406
56
989
,
406
56
989
,
406
56
1080
,
406
56
1080
,
406
56
1194
,
406
56
1194
,
406
58
960
,
406
58
960
,
406
58
950
,
406
58
950
,
406
59
884
,
406
60
908
,
406
60
908
,
406
60
917
,
406
60
917
,
406
60
1139
,
406
60
1139
,
406
60
1139
,
406
58
1335
,
406
58
1335
,
406
57
1141
,
406
57
1141
,
406
57
1112
,
406
57
1112
,
406
57
1097
,
407
57
1097
,
407
57
964
,
407
57
964
,
407
57
1002
,
407
57
1002
,
407
56
1106
,
406
56
1106
,
406
55
1004
,
407
55
1004
,
407
55
1076
,
406
55
1076
,
406
54
1322
,
407
54
1322
,
407
54
1322
,
407
55
1099
,
407
55
1099
,
407
54
1230
,
407
54
1230
,
407
54
1208
,
407
54
1208
,
407
54
1043
,
407
54
1043
,
407
54
1067
,
407
54
1067
,
407
53
1135
,
407
53
1135
,
407
53
1036
,
406
53
1036
,
406
53
1108
,
407
53
1108
,
407
52
1224
,
406
52
1224
,
406
53
1162
,
407
53
1162
,
406
53
1162
,
406
53
1190
,
406
53
1190
,
406
53
1232
,
406
53
1232
,
406
53
1185
,
407
53
1185
,
407
53
1020
,
407
53
1020
,
407
53
1105
,
407
53
1105
,
407
53
993
,
406
53
993
,
406
54
907
,
407
54
907
,
407
54
1012
,
406
54
1012
,
406
55
1068
,
406
55
1068
,
406
55
1211
,
406
55
1211
,
406
55
1186
,
406
55
1186
,
406
55
1187
,
406
55
1187
,
406
55
1137
,
406
55
1137
,
406
56
959
,
406
56
959
,
406
56
961
,
406
56
961
,
406
56
1004
,
406
56
1004
,
406
56
1019
,
406
56
1019
,
406
56
1006
,
406
56
1006
,
406
56
1079
,
407
56
1079
,
407
56
1159
,
407
56
1159
,
407
57
1079
,
406
57
1079
,
406
57
1079
,
406
56
1333
,
406
56
1333
,
406
56
1142
,
406
56
1142
,
406
55
1227
,
407
55
1227
,
407
53
1210
,
406
53
1210
,
406
53
1146
,
406
53
1146
,
407
53
1146
,
407
52
1149
,
407
52
1149
,
407
51
1240
,
406
51
1240
,
406
51
1045
,
406
51
1045
,
406
52
1079
,
407
52
1079
,
407
51
1286
,
407
51
1286
,
407
52
1050
,
407
52
1050
,
407
52
1112
,
407
52
1112
,
407
52
1134
,
406
52
1134
,
406
53
1027
,
407
53
1027
,
407
53
1116
,
406
53
1116
,
406
53
1146
,
407
53
1146
,
407
54
1085
,
407
54
1085
,
406
54
1085
,
406
53
1329
,
408
53
1329
,
408
53
1029
,
407
53
1029
,
407
55
973
,
407
55
973
,
407
54
1156
,
406
54
1156
,
406
55
982
,
407
55
982
,
407
55
982
,
407
55
982
,
407
55
1014
,
407
55
1014
,
407
56
986
,
407
56
986
,
407
57
1002
,
407
57
1002
,
407
57
1064
,
407
57
1064
,
407
59
997
,
407
59
997
,
407
59
1013
,
407
59
1013
,
407
59
1058
,
407
59
1058
,
407
60
979
,
407
60
979
,
407
59
1007
,
407
59
1007
,
407
59
1086
,
407
59
1086
,
407
59
999
,
407
59
999
,
407
58
1057
,
407
58
1057
,
407
58
1019
,
407
58
1019
,
407
59
1028
,
407
59
1028
,
407
58
1101
,
407
58
1101
,
407
58
1017
,
406
58
1017
,
406
58
1043
,
406
58
1043
,
406
57
1107
,
406
57
1107
,
406
57
996
,
407
57
996
,
407
58
1027
,
406
58
1027
,
406
57
1065
,
407
57
1065
,
407
58
972
,
406
58
972
,
406
58
1018
,
407
58
1018
,
407
57
1160
,
406
57
1160
,
406
58
985
,
407
58
985
,
407
58
1021
,
407
58
1021
,
407
58
1062
,
406
58
1062
,
406
58
972
,
407
58
972
,
407
58
1012
,
407
58
1012
,
407
58
1111
,
407
58
1111
,
407
58
981
,
406
58
981
,
406
58
1027
,
406
58
1027
,
406
57
1235
,
406
57
1235
,
406
58
1026
,
405
58
1026
,
405
57
1088
,
406
57
1088
,
406
56
1141
,
405
56
1141
,
405
57
981
,
405
57
981
,
405
56
1040
,
405
56
1040
,
405
56
1102
,
405
56
1102
,
405
57
986
,
406
57
986
,
406
56
1044
,
405
56
1044
,
405
56
1044
,
405
56
1074
,
405
57
980
,
405
57
980
,
405
57
1052
,
404
57
1052
,
404
57
1052
,
404
57
1137
,
403
57
1137
,
403
58
994
,
403
58
994
,
403
58
1020
,
403
58
1020
,
403
57
1078
,
402
57
1078
,
402
58
998
,
402
58
998
,
402
58
1007
,
401
58
1007
,
401
58
1064
,
401
58
1064
,
401
58
963
,
401
58
963
,
401
58
1042
,
400
58
1042
,
400
57
1224
,
400
57
1224
,
400
58
1023
,
400
58
1023
,
400
57
1028
,
400
57
1028
,
400
57
1079
,
399
57
1079
,
399
58
1006
,
397
58
1006
,
397
58
957
,
397
58
957
,
397
58
1033
,
397
58
1033
,
397
58
1064
,
397
58
1064
,
397
58
976
,
397
58
976
,
397
57
1049
,
398
57
1049
,
398
58
1120
,
397
58
1120
,
397
58
969
,
397
58
969
,
397
59
997
,
398
59
997
,
398
59
1036
,
397
59
1036
,
397
59
954
,
397
59
954
,
397
59
962
,
398
59
962
,
398
59
995
,
397
59
995
,
397
60
950
,
397
60
950
,
397
60
969
,
398
60
969
,
398
60
1015
,
398
60
1015
,
398
61
1004
,
398
61
966
,
397
61
966
,
397
61
1049
,
398
61
1049
,
398
61
1049
,
398
60
1142
,
397
60
1142
,
397
60
961
,
397
60
961
,
397
59
1120
,
397
59
1120
,
397
58
1116
,
398
58
1116
,
398
58
974
,
398
58
974
,
398
58
970
,
398
58
970
,
398
58
963
,
398
58
963
,
398
59
984
,
397
59
984
,
397
58
995
,
397
59
907
,
396
59
907
,
396
61
833
,
396
61
833
,
396
62
757
,
395
62
757
,
395
65
748
,
396
65
748
,
396
67
862
,
396
67
897
,
395
67
897
,
395
68
856
,
395
68
856
,
395
68
986
,
396
68
986
,
396
68
934
,
395
68
934
,
395
67
1133
,
394
67
1133
,
394
65
1177
,
394
65
1177
,
394
64
1052
,
393
64
1052
,
393
62
1035
,
394
62
1035
,
394
60
1024
,
393
60
1024
,
393
60
944
,
393
60
944
,
393
59
1025
,
392
59
1025
,
392
58
1115
,
392
58
1115
,
392
58
987
,
392
58
987
,
392
57
1038
,
392
57
1038
,
392
57
1038
,
392
56
1326
,
391
56
1326
,
391
56
1084
,
392
56
1084
,
392
56
1127
,
392
56
1127
,
392
56
1066
,
392
56
1066
,
392
55
1152
,
392
55
1152
,
392
54
1193
,
392
54
1193
,
392
54
1098
,
392
54
1098
,
392
54
981
,
393
54
981
,
393
54
1023
,
393
54
1023
,
393
54
1046
,
392
54
1046
,
392
55
1066
,
393
55
1066
,
393
56
995
,
393
56
995
,
393
56
1068
,
392
56
1068
,
393
56
1068
,
393
55
1237
,
393
55
1237
,
393
56
1034
,
394
56
1034
,
394
56
1092
,
393
56
1092
,
393
57
1029
,
393
57
1029
,
393
56
1096
,
390
56
1096
,
390
56
1072
,
388
56
1072
,
388
56
1042
,
386
56
1042
,
386
55
1221
,
383
55
1221
,
383
54
1172
,
384
54
1172
,
384
54
1116
,
384
54
1116
,
384
54
1192
,
385
54
1192
,
385
54
1192
,
385
54
1157
,
385
54
1157
,
385
54
1060
,
385
54
1060
,
385
53
1221
,
385
53
1221
,
385
53
1139
,
385
53
1139
,
385
52
1193
,
385
52
1193
,
385
51
1331
,
385
51
1331
,
385
51
1331
,
385
51
1150
,
385
51
1150
,
385
51
1109
,
386
51
1109
,
386
51
1137
,
386
51
1137
,
386
51
1250
,
385
51
1250
,
385
51
1103
,
386
51
1103
,
386
51
1163
,
386
51
1163
,
386
51
1122
,
386
51
1122
,
386
52
1048
,
386
52
1048
,
386
52
1143
,
387
52
1143
,
387
52
1143
,
387
52
1290
,
388
52
1290
,
388
52
1248
,
387
52
1248
,
387
51
1241
,
387
51
1241
,
387
51
1117
,
388
51
1117
,
388
51
1180
,
387
51
1180
,
388
51
1180
,
388
51
1264
,
388
51
1264
,
388
51
1034
,
387
51
1034
,
387
51
1092
,
387
51
1092
,
387
50
1364
,
388
50
1364
,
388
50
1232
,
388
50
1232
,
387
50
1232
,
387
50
1301
,
389
50
1301
,
389
50
1228
,
388
50
1228
,
388
50
1241
,
388
50
1241
,
388
49
1236
,
389
49
1236
,
389
49
1257
,
388
49
1257
,
389
49
1257
,
389
49
1223
,
389
49
1223
,
389
48
1240
,
388
48
1240
,
388
48
1127
,
389
48
1127
,
389
49
1180
,
389
49
1180
,
389
49
1180
,
389
49
1180
,
389
50
1198
,
389
50
1198
,
389
50
1058
,
389
50
1058
,
389
50
1058
,
389
51
1090
,
389
51
1090
,
389
52
1087
,
390
52
1087
,
390
53
1014
,
390
53
1014
,
390
53
1123
,
390
53
1123
,
390
53
1294
,
390
53
1294
,
390
52
1214
,
389
52
1214
,
389
52
1243
,
390
52
1243
,
390
52
1122
,
390
52
1122
,
390
52
1122
,
390
53
1156
,
390
53
1156
,
390
52
1275
,
390
52
1275
,
390
52
1107
,
390
52
1107
,
390
52
1095
,
391
52
1095
,
391
51
1129
,
391
51
1129
,
391
51
1217
,
391
51
1217
,
391
51
1217
,
391
51
1278
,
391
51
1278
,
391
51
1251
,
391
51
1251
,
391
51
1106
,
392
51
1106
,
392
51
1226
,
391
51
1226
,
391
50
1291
,
391
50
1291
,
391
51
1115
,
392
51
1115
,
392
50
1201
,
392
50
1201
,
392
50
1201
,
392
50
1175
,
392
50
1175
,
392
50
1046
,
392
50
1046
,
392
51
1080
,
393
51
1080
,
393
51
1311
,
392
51
1311
,
392
51
1126
,
392
51
1126
,
392
51
1220
,
392
51
1220
,
392
51
1263
,
392
51
1263
,
392
52
1067
,
393
52
1067
,
392
52
1067
,
392
52
1145
,
393
52
1145
,
393
51
1260
,
393
51
1260
,
393
52
1101
,
393
52
1101
,
393
51
1125
,
392
51
1125
,
392
50
1273
,
393
50
1273
,
393
52
1040
,
393
52
1040
,
393
51
1161
,
393
51
1161
,
393
51
1161
,
393
51
1343
,
393
51
1343
,
393
52
1081
,
393
52
1081
,
393
51
1216
,
393
51
1216
,
393
50
1337
,
393
50
1337
,
393
51
1155
,
393
51
1155
,
393
51
1065
,
393
51
1065
,
393
51
1087
,
393
51
1087
,
393
51
1087
,
393
51
1213
,
393
51
1213
,
393
51
1038
,
392
51
1038
,
392
52
1090
,
393
52
1090
,
393
52
1282
,
393
52
1282
,
393
52
1089
,
393
52
1089
,
393
52
1154
,
393
52
1154
,
393
53
1232
,
393
53
1232
,
393
53
1039
,
394
53
1039
,
393
53
1039
,
393
53
1154
,
394
53
1154
,
394
52
1191
,
394
52
1191
,
394
53
1015
,
394
53
1015
,
394
53
1066
,
394
53
1066
,
394
53
1170
,
394
53
1170
,
394
54
1027
,
394
54
1027
,
394
54
1060
,
394
54
1060
,
394
53
1348
,
394
53
1348
,
394
54
1125
,
394
54
1125
,
395
54
1125
,
395
53
1233
,
394
53
1233
,
394
53
1128
,
394
53
1128
,
394
54
952
,
394
54
952
,
394
54
1011
,
395
54
1011
,
395
54
1065
,
395
54
1065
,
395
55
971
,
395
55
971
,
395
55
1059
,
395
55
1059
,
395
54
1299
,
395
54
1299
,
395
55
1050
,
395
55
1050
,
395
55
1197
,
395
55
1197
,
395
55
1164
,
395
55
1164
,
395
56
952
,
394
56
952
,
394
56
1015
,
395
56
1015
,
395
55
1209
,
395
55
1209
,
395
55
1026
,
395
55
1026
,
395
55
929
,
395
55
929
,
395
55
1006
,
396
55
1006
,
396
57
993
,
396
57
993
,
396
58
916
,
396
58
916
,
396
60
798
,
395
60
798
,
395
62
789
,
395
62
789
,
395
63
886
,
395
64
832
,
395
64
832
,
395
66
920
,
394
66
920
,
394
66
920
,
394
64
1319
,
393
64
1319
,
393
63
1136
,
393
63
1136
,
393
62
1067
,
394
62
1067
,
394
61
1135
,
393
61
1135
,
393
60
1126
,
393
60
1126
,
393
57
1324
,
393
57
1324
,
393
56
1056
,
393
56
1056
,
393
54
1116
,
393
54
1116
,
393
54
1116
,
393
53
1209
,
393
53
1209
,
393
52
1031
,
393
52
1031
,
393
53
1056
,
393
53
1056
,
393
54
1059
,
393
54
1059
,
393
54
1005
,
393
54
1005
,
393
54
1191
,
393
54
1191
,
393
53
1174
,
393
53
1174
,
393
55
1032
,
393
55
1032
,
393
55
1096
,
393
55
1096
,
393
55
1093
,
393
55
1093
,
393
56
1023
,
393
56
1023
,
393
55
1096
,
394
55
1096
,
394
55
1173
,
393
55
1173
,
393
55
987
,
394
55
987
,
394
55
1032
,
394
55
1032
,
394
56
1067
,
394
56
1067
,
394
57
1020
,
394
57
1020
,
393
57
1020
,
393
56
1091
,
394
56
1091
,
394
56
1192
,
394
56
1192
,
394
56
1064
,
393
56
1064
,
393
55
1090
,
393
55
1090
,
393
55
1195
,
393
55
1195
,
393
56
1066
,
394
56
1066
,
394
55
1145
,
394
55
1145
,
394
54
1177
,
394
54
1177
,
394
54
1075
,
394
54
1075
,
394
54
1080
,
394
54
1080
,
394
54
1080
,
394
54
1115
,
394
54
1115
,
394
54
1031
,
394
54
1031
,
394
54
1072
,
394
54
1072
,
394
54
1142
,
394
54
1142
,
394
55
1027
,
394
55
1027
,
394
55
1085
,
394
55
1085
,
394
54
1265
,
394
54
1265
,
394
55
1080
,
394
55
1080
,
394
54
1116
,
395
54
1116
,
395
54
1093
,
394
54
1093
,
394
55
993
,
394
55
993
,
394
55
1048
,
394
55
1048
,
394
55
1106
,
394
55
1106
,
394
55
1029
,
394
55
1029
,
394
54
1223
,
394
54
1223
,
394
54
1223
,
394
54
1196
,
393
54
1196
,
393
55
1059
,
393
55
1059
,
393
55
1085
,
392
55
1085
,
392
55
1121
,
390
55
1121
,
390
55
1050
,
390
55
1050
,
390
54
1148
,
389
54
1148
,
389
54
1152
,
389
54
1152
,
389
53
1280
,
389
53
1280
,
389
53
1280
,
389
51
1355
,
389
51
1355
,
389
52
1148
,
388
52
1148
,
388
53
1027
,
388
53
1027
,
388
52
1073
,
386
52
1073
,
386
52
1077
,
386
52
1077
,
386
53
1011
,
386
56
351
,
392
56
351
,
392
58
894
,
387
58
894
,
387
58
1131
,
381
58
1131
,
381
59
1028
,
370
59
1028
,
370
63
724
,
370
67
573
,
350
67
573
,
350
71
587
,
322
71
587
,
322
71
1069
,
322
76
549
,
308
76
549
,
308
80
599
,
308
79
456
,
273
79
456
,
273
83
528
,
273
90
531
,
256
90
531
,
256
97
543
,
256
100
548
,
233
100
548
,
233
101
551
,
233
103
463
,
213
103
463
,
213
113
540
,
213
113
543
,
198
113
543
,
198
115
508
,
198
113
532
,
186
113
532
,
186
113
556
,
190
113
556
,
190
111
617
,
190
109
633
,
196
109
633
,
196
108
620
,
203
108
620
,
203
105
710
,
203
99
773
,
201
99
773
,
201
96
730
,
199
96
730
,
199
95
628
,
199
94
589
,
200
94
589
,
200
92
643
,
200
92
597
,
183
92
597
,
183
92
586
,
182
92
586
,
182
92
623
,
182
92
609
,
185
92
609
,
185
94
606
,
185
96
619
,
186
96
619
,
186
97
664
,
181
97
664
,
181
97
663
,
181
96
645
,
176
96
645
,
176
96
621
,
176
95
688
,
167
95
688
,
167
94
638
,
168
94
638
,
168
93
671
,
168
93
659
,
168
93
659
,
168
93
612
,
171
93
612
,
171
92
632
,
171
93
630
,
163
93
630
,
163
93
647
,
151
93
647
,
151
93
655
,
151
92
718
,
151
92
718
,
151
90
820
,
160
90
820
,
160
87
874
,
167
87
874
,
167
85
798
,
167
84
762
,
171
84
762
,
171
82
753
,
174
82
753
,
174
81
734
,
175
81
734
,
175
80
716
,
175
79
757
,
175
79
757
,
175
77
850
,
177
77
850
,
177
74
1007
,
178
74
1007
,
178
73
998
,
180
73
998
,
180
72
1013
,
180
72
1013
,
180
70
1029
,
182
70
1029
,
182
67
1096
,
183
67
1096
,
183
65
1010
,
185
65
1010
,
185
63
1065
,
184
63
1065
,
184
61
1058
,
186
61
1058
,
186
59
1006
,
187
59
1006
,
187
58
1113
,
189
58
1113
,
189
58
1113
,
189
56
1266
,
191
56
1266
,
191
56
1125
,
191
56
1125
,
191
55
1128
,
194
55
1128
,
194
56
861
,
194
57
831
,
195
57
831
,
195
58
891
,
178
58
891
,
178
59
969
,
160
59
969
,
160
60
871
,
155
60
871
,
155
60
873
,
156
60
873
,
156
62
893
,
162
62
893
,
162
64
889
,
168
64
889
,
168
66
880
,
168
67
935
,
169
67
935
,
169
67
880
,
166
67
880
,
166
66
1035
,
167
66
1035
,
167
64
1116
,
170
64
1116
,
170
63
1152
,
174
63
1152
,
174
63
887
,
176
63
887
,
176
62
950
,
176
62
950
,
175
62
950
,
175
59
1435
,
177
59
1435
,
177
58
1098
,
178
58
1098
,
178
57
1129
,
179
57
1129
,
179
56
1047
,
179
56
1047
,
179
56
941
,
179
56
941
,
179
56
977
,
179
56
977
,
179
56
1122
,
181
56
1122
,
181
56
1214
,
184
56
1214
,
184
53
1349
,
185
53
1349
,
185
52
1173
,
186
52
1173
,
186
54
1058
,
188
54
1058
,
189
54
1058
,
189
54
1073
,
190
54
1073
,
190
54
1060
,
191
54
1060
,
191
53
1308
,
192
53
1308
,
192
52
1235
,
192
52
1235
,
192
51
1187
,
193
51
1187
,
193
51
1010
,
194
51
1010
,
194
52
1026
,
195
52
1026
,
195
53
1162
,
196
53
1162
,
196
53
1101
,
197
53
1101
,
198
53
1101
,
198
52
1374
,
199
52
1374
,
199
51
1288
,
199
51
1288
,
199
50
1310
,
201
50
1310
,
201
50
1246
,
201
50
1246
,
201
51
1015
,
203
51
1015
,
203
52
1076
,
201
52
1076
,
198
52
1076
,
198
51
1125
,
198
51
1125
,
198
50
1312
,
199
50
1312
,
199
49
1339
,
198
49
1339
,
198
48
1300
,
197
48
1300
,
197
48
1300
,
197
49
1330
,
199
49
1330
,
199
49
1293
,
201
49
1293
,
201
50
994
,
203
50
994
,
203
50
1208
,
205
50
1208
,
205
50
1208
,
205
49
1377
,
206
49
1377
,
206
47
1392
,
205
47
1392
,
205
47
1332
,
206
47
1332
,
206
47
1196
,
206
47
1196
,
206
47
1196
,
206
47
1320
,
207
47
1320
,
207
47
1278
,
208
47
1278
,
208
47
1346
,
209
47
1346
,
208
47
1346
,
208
47
1324
,
208
47
1324
,
208
46
1190
,
208
46
1190
,
208
46
1223
,
208
46
1223
,
208
47
1191
,
209
47
1191
,
209
48
1188
,
209
48
1188
,
209
48
1320
,
212
48
1320
,
212
48
1320
,
212
48
1154
,
213
48
1154
,
213
49
1114
,
214
49
1114
,
214
49
1107
,
215
49
1107
,
215
51
1003
,
216
51
1003
,
216
52
1062
,
216
52
1062
,
216
52
1170
,
218
52
1170
,
218
53
1060
,
219
53
1060
,
219
53
1147
,
219
53
1147
,
219
53
1087
,
221
53
1087
,
221
55
1037
,
221
55
1037
,
221
55
1073
,
222
55
1073
,
222
56
1034
,
223
56
1034
,
223
56
998
,
223
56
998
,
223
56
1040
,
224
56
1040
,
224
56
1009
,
225
56
1009
,
225
57
1051
,
225
57
1051
,
225
57
1113
,
225
57
1113
,
225
57
1134
,
226
57
1134
,
226
58
918
,
226
58
918
,
226
59
833
,
227
59
833
,
227
59
833
,
227
57
1456
,
229
57
1456
,
229
57
1003
,
228
57
1003
,
228
56
1174
,
227
56
1174
,
227
56
1071
,
228
56
1071
,
228
55
1204
,
229
55
1204
,
229
54
1268
,
229
54
1268
,
229
53
1167
,
231
53
1167
,
231
54
1027
,
231
54
1027
,
231
53
1078
,
232
53
1078
,
232
52
1063
,
233
52
1063
,
233
54
1000
,
234
54
1000
,
235
54
1000
,
235
54
1161
,
235
54
1161
,
235
54
1122
,
237
54
1122
,
237
54
1053
,
237
54
1053
,
237
54
1163
,
237
54
1163
,
237
55
1024
,
238
55
1024
,
238
56
1083
,
238
56
1083
,
238
55
1260
,
239
55
1260
,
239
55
1069
,
240
55
1069
,
240
55
1073
,
240
55
1073
,
240
54
1160
,
241
54
1160
,
241
54
1051
,
242
54
1051
,
242
54
1135
,
243
54
1135
,
244
54
1135
,
244
53
1311
,
245
53
1311
,
245
53
1242
,
246
53
1242
,
246
52
1207
,
246
52
1207
,
246
51
1306
,
247
51
1306
,
247
51
1306
,
247
51
1154
,
246
51
1154
,
246
51
1170
,
241
51
1170
,
241
50
1254
,
239
50
1254
,
239
51
995
,
238
51
995
,
238
51
1009
,
238
51
1009
,
238
50
1338
,
240
50
1338
,
240
51
998
,
240
51
998
,
240
52
1134
,
241
52
1134
,
241
52
1134
,
241
52
1286
,
243
52
1286
,
243
53
1027
,
243
54
948
,
243
54
948
,
243
54
1051
,
244
54
1051
,
245
54
1051
,
245
54
1300
,
245
54
1300
,
245
53
1146
,
241
53
1146
,
241
52
1233
,
238
52
1233
,
238
54
1031
,
238
54
1031
,
238
54
982
,
232
54
982
,
232
54
1023
,
218
54
1023
,
218
56
1062
,
207
56
1062
,
207
55
1072
,
205
55
1072
,
205
54
1128
,
207
54
1128
,
207
53
1284
,
211
53
1284
,
211
53
1284
,
211
54
1250
,
207
54
1250
,
207
53
1269
,
206
53
1269
,
206
53
1127
,
208
53
1127
,
208
53
1122
,
212
53
1122
,
212
52
1205
,
215
52
1205
,
215
52
1032
,
217
52
1032
,
217
52
1060
,
219
52
1060
,
219
52
1128
,
220
52
1128
,
220
52
1021
,
222
52
1021
,
222
53
1107
,
224
53
1107
,
225
53
1107
,
225
53
1321
,
225
53
1321
,
225
53
1241
,
227
53
1241
,
227
52
1241
,
229
52
1241
,
229
52
1135
,
230
52
1135
,
230
53
1135
,
231
53
1135
,
231
52
1200
,
231
52
1200
,
230
52
1200
,
230
52
1113
,
231
52
1113
,
231
52
1118
,
232
52
1118
,
232
51
1190
,
233
51
1190
,
233
51
1005
,
235
51
1005
,
235
52
1055
,
237
52
1055
,
237
53
1199
,
238
53
1199
,
238
54
1050
,
239
54
1050
,
239
54
1132
,
240
54
1132
,
240
54
1106
,
241
54
1106
,
241
55
988
,
243
55
988
,
243
55
1086
,
244
55
1086
,
244
55
1084
,
243
55
1084
,
243
56
1020
,
243
56
1020
,
243
55
1137
,
244
55
1137
,
245
55
1137
,
245
55
1163
,
246
55
1163
,
246
55
1075
,
247
55
1075
,
247
55
1160
,
249
55
1160
,
249
55
1128
,
249
55
1128
,
249
55
1019
,
251
55
1019
,
251
55
1113
,
251
55
1113
,
251
54
1133
,
252
54
1133
,
252
54
1104
,
252
54
1104
,
252
54
1165
,
253
54
1165
,
253
54
1165
,
253
53
1205
,
255
53
1205
,
255
53
1120
,
255
53
1120
,
255
53
1149
,
256
53
1149
,
256
53
1180
,
257
53
1180
,
257
53
1063
,
257
53
1063
,
257
53
1160
,
258
53
1160
,
258
53
1110
,
258
53
1110
,
258
53
1026
,
259
53
1026
,
259
53
1155
,
260
53
1155
,
260
53
1141
,
260
53
1141
,
260
54
999
,
261
54
999
,
261
54
1113
,
262
54
1113
,
262
54
1113
,
262
54
1116
,
263
54
1116
,
263
55
993
,
263
55
993
,
263
55
1087
,
264
55
1087
,
264
55
1127
,
264
55
1127
,
264
56
1017
,
265
56
1017
,
265
55
1103
,
266
55
1103
,
266
55
1166
,
266
55
1166
,
266
56
1026
,
267
56
1026
,
267
55
1097
,
267
55
1097
,
267
55
1159
,
268
55
1159
,
268
55
1050
,
268
55
1050
,
268
55
1101
,
269
55
1101
,
269
55
1123
,
269
55
1123
,
269
55
1037
,
270
55
1037
,
270
55
1101
,
271
55
1101
,
271
55
1101
,
271
55
1134
,
272
55
1134
,
272
55
1037
,
273
55
1037
,
273
55
1082
,
273
55
1082
,
273
55
1103
,
274
55
1103
,
274
56
1040
,
274
56
1040
,
274
55
1098
,
274
55
1098
,
274
55
1098
,
275
55
1098
,
275
56
1005
,
276
56
1005
,
276
55
1129
,
276
55
1129
,
276
55
1125
,
277
55
1125
,
277
56
997
,
277
56
997
,
277
56
973
,
277
56
973
,
277
57
937
,
277
57
937
,
277
59
828
,
276
59
828
,
276
60
846
,
275
60
846
,
275
59
1147
,
276
59
1147
,
276
59
1163
,
277
59
1163
,
277
58
1151
,
277
58
1151
,
277
58
1156
,
278
58
1156
,
278
59
1005
,
278
59
1005
,
278
59
989
,
279
59
989
,
279
58
1042
,
279
58
1042
,
279
58
1051
,
280
58
1051
,
280
57
990
,
280
57
990
,
280
56
1106
,
281
56
1106
,
281
56
1150
,
281
56
1150
,
281
56
1142
,
281
56
1142
,
282
56
1142
,
282
56
1096
,
282
56
1096
,
282
56
1119
,
282
56
1119
,
282
56
1043
,
283
56
1043
,
283
56
1016
,
283
56
1016
,
283
56
1075
,
284
56
1075
,
284
55
1082
,
284
55
1082
,
284
55
1017
,
285
55
1017
,
285
54
1393
,
285
54
1393
,
285
54
1215
,
286
54
1215
,
287
54
1215
,
287
53
1331
,
286
53
1331
,
286
53
1080
,
286
53
1080
,
286
53
986
,
284
53
986
,
284
54
1014
,
279
54
1014
,
279
53
1084
,
276
53
1084
,
276
54
1000
,
276
55
837
,
274
55
837
,
274
56
806
,
271
56
806
,
271
58
1068
,
261
58
1068
,
261
58
1085
,
250
58
1085
,
245
58
1085
,
245
58
1340
,
248
58
1340
,
248
57
1279
,
251
57
1279
,
251
56
1242
,
251
56
1242
,
251
54
1269
,
253
54
1269
,
253
55
1067
,
255
55
1067
,
255
54
1019
,
255
54
1019
,
255
53
1069
,
256
53
1069
,
257
53
1069
,
257
51
1240
,
257
51
1240
,
257
50
1321
,
259
50
1321
,
259
50
1241
,
260
50
1241
,
260
51
994
,
261
51
994
,
261
52
1009
,
263
52
1009
,
263
53
1066
,
264
53
1066
,
264
54
1095
,
265
54
1095
,
265
53
1176
,
265
53
1176
,
266
53
1176
,
266
53
1166
,
267
53
1166
,
267
53
1033
,
268
53
1033
,
268
54
1080
,
269
54
1080
,
269
55
1112
,
271
55
1112
,
271
56
1033
,
271
56
1033
,
271
55
1136
,
272
55
1136
,
272
54
1282
,
273
54
1282
,
273
53
1148
,
274
53
1148
,
274
53
1218
,
275
53
1218
,
275
53
1076
,
276
53
1076
,
277
53
1076
,
277
54
1084
,
278
54
1084
,
278
53
1123
,
279
53
1123
,
279
53
1030
,
280
53
1030
,
280
54
1077
,
281
54
1077
,
281
52
1297
,
281
52
1297
,
281
52
1308
,
282
52
1308
,
281
52
1308
,
281
52
1253
,
282
52
1253
,
282
52
1149
,
282
52
1149
,
282
52
1074
,
283
52
1074
,
283
52
1138
,
284
52
1138
,
284
52
1035
,
285
52
1035
,
285
53
987
,
285
53
987
,
285
53
1102
,
286
53
1102
,
286
51
1359
,
287
51
1359
,
287
51
1295
,
287
51
1295
,
288
51
1295
,
288
52
1237
,
289
52
1237
,
289
53
1051
,
289
53
1051
,
289
53
1126
,
290
53
1126
,
290
53
1097
,
291
53
1097
,
291
53
1040
,
292
53
1040
,
292
51
1406
,
292
51
1406
,
292
50
1208
,
293
50
1208
,
293
50
1208
,
293
50
1254
,
294
50
1254
,
294
50
1243
,
295
50
1243
,
295
51
1201
,
295
51
1201
,
295
50
1262
,
297
50
1262
,
297
50
1207
,
296
50
1207
,
297
50
1207
,
297
50
1158
,
297
50
1158
,
297
49
1150
,
299
49
1150
,
299
49
1080
,
299
49
1080
,
299
51
1028
,
300
51
1028
,
300
51
1083
,
301
51
1083
,
301
51
1265
,
301
51
1265
,
301
51
1226
,
306
51
1226
,
304
51
1226
,
304
51
1278
,
325
51
1278
,
325
52
1059
,
304
52
1059
,
304
52
1184
,
322
52
1184
,
322
53
995
,
308
53
995
,
308
53
1052
,
306
53
1052
,
306
52
1367
,
308
52
1367
,
308
51
1150
,
319
51
1150
,
319
51
1253
,
319
51
1253
,
334
51
1253
,
334
51
1149
,
331
51
1149
,
331
52
970
,
331
54
965
,
324
54
965
,
324
54
988
,
348
54
988
,
348
55
951
,
352
55
951
,
352
55
1004
,
316
55
1004
,
316
55
1080
,
361
55
1080
,
361
57
1001
,
344
57
1001
,
344
58
1038
,
360
58
1038
,
360
59
971
,
349
59
971
,
349
61
891
,
345
61
891
,
345
62
800
,
342
62
800
,
342
62
911
,
343
62
911
,
343
60
1375
,
340
60
1375
,
340
59
1030
,
339
59
1030
,
339
59
1082
,
338
59
1082
,
338
59
1088
,
336
59
1088
,
336
59
1044
,
336
59
1044
,
336
58
1085
,
336
58
1085
,
335
58
1085
,
335
58
1092
,
335
57
1042
,
335
57
1042
,
335
56
1050
,
335
56
1050
,
335
56
1050
,
335
55
1100
,
335
55
1100
,
335
55
1324
,
335
55
1324
,
335
54
1231
,
336
54
1231
,
336
53
1287
,
335
53
1287
,
335
52
1210
,
336
52
1210
,
336
52
1054
,
336
52
1054
,
336
52
1054
,
336
51
1332
,
336
51
1332
,
336
51
1187
,
336
51
1187
,
336
51
1080
,
335
51
1080
,
335
50
1162
,
336
50
1162
,
336
50
1075
,
336
50
1075
,
336
52
1002
,
337
52
1002
,
337
52
1139
,
337
52
1139
,
337
53
1128
,
337
53
1128
,
337
54
971
,
338
54
971
,
338
54
1008
,
338
54
1008
,
338
56
1049
,
339
56
1049
,
339
57
948
,
339
57
948
,
339
57
1025
,
339
57
1025
,
340
57
1025
,
340
56
1329
,
340
56
1329
,
340
56
1080
,
340
56
1080
,
340
55
1201
,
341
55
1201
,
341
55
1147
,
341
55
1147
,
341
55
1062
,
342
55
1062
,
342
55
994
,
342
55
994
,
342
55
1068
,
342
55
1068
,
342
54
1270
,
343
54
1270
,
343
53
1166
,
343
53
1166
,
344
53
1166
,
344
52
1292
,
345
52
1292
,
345
52
1164
,
344
52
1164
,
344
52
1174
,
345
52
1174
,
345
52
1211
,
346
52
1211
,
346
52
1174
,
346
52
1174
,
346
52
1054
,
346
52
1054
,
346
52
1054
,
346
51
1141
,
346
51
1141
,
346
51
1114
,
346
51
1114
,
346
52
1026
,
344
52
1026
,
344
52
1120
,
343
52
1120
,
343
53
1125
,
343
53
1125
,
343
54
1036
,
344
54
1036
,
344
54
1072
,
343
54
1072
,
343
55
1053
,
340
55
1053
,
340
56
958
,
339
56
958
,
339
56
1036
,
340
56
1036
,
340
57
1071
,
340
57
1071
,
340
57
960
,
340
57
960
,
340
57
1016
,
339
57
1016
,
339
58
1020
,
336
58
1020
,
336
59
972
,
333
59
972
,
333
59
1005
,
330
59
1005
,
330
60
901
,
329
60
901
,
329
61
938
,
329
61
904
,
330
61
904
,
330
61
904
,
330
60
1155
,
330
60
1155
,
330
59
1284
,
329
59
1284
,
329
58
1137
,
329
58
1137
,
329
57
1274
,
330
57
1274
,
330
57
1008
,
329
57
1008
,
329
56
1021
,
329
56
1021
,
329
56
1111
,
329
56
1111
,
329
55
1079
,
330
55
1079
,
330
54
1115
,
330
54
1115
,
331
54
1115
,
331
52
1409
,
331
52
1409
,
331
52
1175
,
332
52
1175
,
332
51
1336
,
332
51
1336
,
332
51
1254
,
333
51
1254
,
333
52
1049
,
333
52
1049
,
334
52
1049
,
334
52
1090
,
335
52
1090
,
335
50
1360
,
335
50
1360
,
335
49
1287
,
335
49
1287
,
335
49
1167
,
336
49
1167
,
336
49
1091
,
336
49
1091
,
336
51
1063
,
337
51
1063
,
337
51
1121
,
337
51
1121
,
338
51
1121
,
338
51
1270
,
339
51
1270
,
339
51
1350
,
339
51
1350
,
339
50
1264
,
340
50
1264
,
340
50
1066
,
340
50
1066
,
340
51
1097
,
341
51
1097
,
341
52
1118
,
341
52
1118
,
341
52
993
,
342
52
993
,
342
53
1085
,
342
53
1085
,
343
53
1085
,
343
51
1397
,
344
51
1397
,
344
51
1228
,
344
51
1228
,
344
50
1361
,
345
50
1361
,
345
50
1361
,
345
51
1244
,
346
51
1244
,
346
52
1056
,
346
52
1056
,
346
52
1069
,
346
52
1069
,
346
52
1051
,
347
52
1051
,
347
53
918
,
347
53
918
,
347
52
1030
,
347
52
1030
,
347
53
1071
,
347
53
1071
,
347
53
1313
,
347
53
1313
,
347
54
1018
,
347
54
1018
,
347
55
1144
,
348
55
1144
,
348
56
1110
,
348
56
1110
,
348
56
979
,
349
56
979
,
349
57
913
,
348
57
913
,
348
58
847
,
345
58
847
,
345
58
933
,
342
58
933
,
342
59
873
,
342
59
873
,
342
59
964
,
342
59
964
,
342
60
1213
,
341
60
1213
,
341
59
1136
,
341
59
1136
,
341
60
1113
,
341
60
1113
,
341
58
1334
,
342
58
1334
,
342
60
697
,
342
63
382
,
342
63
382
,
342
62
967
,
342
62
967
,
342
64
702
,
342
67
475
,
342
67
475
,
339
67
475
,
339
64
1351
,
337
64
1351
,
337
64
1240
,
330
64
1240
,
330
65
970
,
326
65
970
,
326
66
998
,
324
66
998
,
324
68
1057
,
323
68
1057
,
323
66
968
,
324
66
968
,
324
61
1077
,
324
61
1077
,
324
60
1132
,
324
60
1132
,
324
57
1301
,
324
57
1301
,
324
53
1214
,
325
53
1214
,
325
54
1089
,
325
54
1089
,
325
56
884
,
322
56
884
,
322
57
838
,
319
57
838
,
319
58
770
,
316
58
770
,
316
60
756
,
316
61
726
,
316
61
726
,
316
63
762
,
316
63
762
,
316
65
865
,
315
65
865
,
315
66
1169
,
316
66
1169
,
316
67
1078
,
316
67
1078
,
316
67
1123
,
317
67
1123
,
317
65
1127
,
317
65
1127
,
317
64
1032
,
318
64
1032
,
318
62
973
,
318
62
973
,
318
61
923
,
318
61
923
,
318
60
938
,
319
60
938
,
319
59
932
,
318
59
932
,
318
59
954
,
315
59
954
,
315
60
849
,
312
60
849
,
312
62
836
,
312
64
838
,
309
64
838
,
309
66
826
,
309
66
826
,
309
65
1112
,
310
65
1112
,
310
64
1167
,
310
64
1167
,
310
64
983
,
311
64
983
,
311
64
950
,
309
64
950
,
309
63
954
,
304
63
954
,
304
63
947
,
302
63
947
,
302
63
842
,
295
63
842
,
295
64
822
,
295
65
682
,
273
65
682
,
273
65
721
,
265
65
721
,
265
68
698
,
263
68
698
,
263
72
716
,
263
74
777
,
266
74
777
,
266
75
835
,
267
75
835
,
267
77
787
,
268
77
787
,
268
79
752
,
268
79
803
,
268
79
803
,
268
79
829
,
268
79
829
,
268
77
859
,
269
77
859
,
269
76
820
,
270
76
820
,
270
75
871
,
270
75
871
,
270
73
919
,
270
72
855
,
272
72
855
,
272
72
877
,
272
72
877
,
272
70
984
,
274
70
984
,
274
69
906
,
274
69
906
,
274
68
895
,
276
68
895
,
276
67
918
,
277
67
918
,
277
67
844
,
278
67
844
,
278
68
777
,
278
68
801
,
279
68
801
,
279
68
973
,
280
68
973
,
280
68
880
,
280
68
880
,
280
67
996
,
281
67
996
,
281
66
1092
,
282
66
1092
,
282
65
1119
,
283
65
1119
,
283
63
1093
,
283
63
1093
,
283
63
1022
,
286
63
1022
,
286
62
928
,
286
62
928
,
286
61
989
,
287
61
989
,
287
59
1068
,
287
59
1068
,
287
59
1002
,
288
59
1002
,
288
58
1021
,
289
58
1021
,
289
57
1129
,
290
57
1129
,
290
58
997
,
290
58
997
,
290
58
1037
,
289
58
1037
,
289
58
1106
,
289
58
1106
,
289
58
1032
,
290
58
1032
,
290
58
1051
,
290
58
1051
,
291
58
1051
,
291
56
1275
,
292
56
1275
,
292
56
1070
,
293
56
1070
,
293
55
1143
,
293
55
1143
,
293
55
1159
,
294
55
1159
,
294
55
983
,
295
55
983
,
295
55
1063
,
295
55
1063
,
295
53
1394
,
296
53
1394
,
296
53
1394
,
296
53
1186
,
297
53
1186
,
297
52
1290
,
298
52
1290
,
298
51
1213
,
298
51
1213
,
298
52
1116
,
299
52
1116
,
299
51
1170
,
299
51
1170
,
299
51
1105
,
301
51
1105
,
301
52
977
,
301
52
977
,
301
52
1079
,
302
52
1079
,
302
52
1079
,
302
51
1270
,
303
51
1270
,
303
52
1140
,
304
52
1140
,
304
52
1214
,
304
52
1214
,
304
53
1121
,
304
53
1121
,
304
54
1010
,
304
54
1010
,
304
54
1102
,
305
54
1102
,
305
54
1133
,
306
54
1133
,
306
53
1251
,
306
53
1251
,
307
53
1251
,
307
52
1317
,
307
52
1317
,
307
51
1213
,
308
51
1213
,
308
52
1083
,
309
52
1083
,
309
52
1140
,
309
52
1140
,
309
52
1079
,
310
52
1079
,
310
53
981
,
311
53
981
,
311
53
1047
,
312
53
1047
,
312
53
1072
,
313
53
1072
,
313
52
1292
,
314
52
1292
,
313
52
1292
,
313
52
1300
,
314
52
1300
,
314
53
1153
,
315
53
1153
,
315
54
1019
,
315
54
1019
,
315
54
1037
,
315
54
1037
,
315
54
1127
,
316
54
1127
,
316
54
997
,
317
54
997
,
317
54
1044
,
318
54
1044
,
318
53
1356
,
318
53
1356
,
318
52
1146
,
319
52
1146
,
319
53
1169
,
319
53
1169
,
320
53
1169
,
320
54
1149
,
321
54
1149
,
321
54
1006
,
321
54
1006
,
321
54
1027
,
321
54
1027
,
321
54
1117
,
322
54
1117
,
322
54
1033
,
323
54
1033
,
323
54
1022
,
323
54
1022
,
323
53
1329
,
324
53
1329
,
324
54
1135
,
325
54
1135
,
325
54
1141
,
325
54
1141
,
325
54
1104
,
325
54
1104
,
325
55
1015
,
327
55
1015
,
327
55
1005
,
328
55
1005
,
328
55
1065
,
328
55
1065
,
328
54
1206
,
328
54
1206
,
330
54
1206
,
330
54
1113
,
329
54
1113
,
329
53
1157
,
330
53
1157
,
330
55
1033
,
330
55
1033
,
330
56
971
,
331
56
971
,
331
56
1029
,
332
56
1029
,
332
56
1089
,
333
56
1089
,
333
56
975
,
333
56
975
,
333
56
1041
,
333
56
1041
,
333
55
1254
,
334
55
1254
,
334
56
1046
,
334
56
1046
,
334
56
1068
,
335
56
1068
,
335
57
1055
,
336
57
1055
,
336
57
1006
,
335
57
1006
,
335
57
999
,
336
57
999
,
336
57
1044
,
335
57
1044
,
335
57
966
,
334
57
966
,
334
57
984
,
332
57
984
,
332
57
1043
,
331
57
1043
,
331
58
1158
,
331
58
1158
,
331
57
1141
,
332
57
1141
,
332
57
1154
,
332
57
1154
,
332
57
1001
,
332
57
1001
,
332
57
1008
,
333
57
1008
,
333
57
1071
,
333
57
1071
,
333
57
971
,
334
57
971
,
334
57
1017
,
333
57
1017
,
333
56
1090
,
333
56
1090
,
333
57
979
,
333
57
979
,
333
58
991
,
334
58
991
,
334
58
1070
,
334
58
1070
,
334
59
985
,
334
59
985
,
334
59
1017
,
334
59
1017
,
334
58
1087
,
334
58
1087
,
334
59
999
,
336
59
999
,
336
59
1019
,
335
59
1019
,
335
58
1114
,
336
58
1114
,
336
58
1030
,
336
58
1030
,
336
58
988
,
336
58
988
,
336
58
1112
,
337
58
1112
,
337
58
1112
,
337
57
1090
,
337
58
970
,
338
58
970
,
338
58
1008
,
338
58
1008
,
338
58
1043
,
338
58
1043
,
339
58
1043
,
339
57
1090
,
340
57
1090
,
340
57
1095
,
339
57
1095
,
339
57
1089
,
340
57
1089
,
340
58
944
,
340
58
944
,
340
58
979
,
341
58
979
,
341
58
1003
,
341
59
956
,
341
59
956
,
341
59
997
,
342
59
997
,
342
59
1058
,
342
59
1058
,
342
58
1127
,
342
58
1127
,
343
58
1127
,
343
58
1120
,
344
58
1120
,
344
57
1163
,
344
57
1163
,
344
58
1055
,
344
58
1055
,
344
57
1067
,
345
57
1067
,
345
56
1087
,
345
56
1087
,
345
56
1055
,
345
56
1055
,
345
56
1056
,
346
56
1056
,
346
55
1086
,
347
55
1086
,
347
55
1008
,
347
55
1008
,
347
56
1018
,
347
56
1018
,
347
56
1051
,
348
56
1051
,
348
57
1026
,
348
57
1026
,
348
57
1067
,
349
57
1067
,
349
57
1095
,
349
57
1095
,
349
56
1234
,
349
56
1234
,
349
56
1234
,
349
55
1289
,
349
55
1289
,
349
54
1181
,
350
54
1181
,
350
55
1013
,
351
55
1013
,
351
54
1057
,
351
54
1057
,
351
54
1083
,
352
54
1083
,
352
54
984
,
352
54
984
,
352
54
1058
,
353
54
1058
,
353
53
1337
,
353
53
1337
,
353
53
1139
,
353
53
1139
,
353
53
1139
,
353
53
1241
,
354
53
1241
,
354
54
977
,
354
56
903
,
354
56
903
,
354
56
910
,
355
56
910
,
355
57
970
,
355
57
970
,
355
58
903
,
355
58
903
,
355
58
920
,
357
58
920
,
357
58
1104
,
357
58
1104
,
357
60
926
,
355
60
926
,
355
61
969
,
354
61
969
,
354
62
1168
,
353
62
1168
,
353
61
1127
,
350
61
1127
,
350
60
972
,
348
60
972
,
348
59
1028
,
346
59
1028
,
346
59
1052
,
344
59
1052
,
344
59
933
,
347
59
933
,
347
59
852
,
348
59
852
,
348
61
789
,
342
61
789
,
342
62
848
,
334
62
848
,
334
62
891
,
334
64
845
,
330
64
845
,
331
64
845
,
331
64
1138
,
332
64
1138
,
332
63
1221
,
331
63
1221
,
331
62
1121
,
333
62
1121
,
333
61
1150
,
327
61
1150
,
