319
66
965
,
316
66
965
,
316
66
1050
,
315
66
1050
,
315
66
1082
,
317
66
1082
,
317
66
990
,
318
66
990
,
318
66
959
,
313
66
959
,
313
64
1054
,
308
64
1054
,
308
61
1013
,
306
61
1013
,
306
58
1096
,
305
58
1096
,
305
58
1102
,
305
58
1102
,
305
58
989
,
303
58
989
,
303
59
856
,
302
59
856
,
302
59
985
,
305
59
985
,
305
59
1084
,
335
59
1084
,
335
60
917
,
330
60
917
,
330
60
955
,
330
60
955
,
330
60
980
,
347
60
980
,
347
61
795
,
329
61
795
,
329
62
989
,
329
66
606
,
325
66
606
,
325
69
535
,
325
72
469
,
322
72
469
,
322
76
516
,
321
76
516
,
321
79
821
,
321
79
933
,
325
79
933
,
325
79
983
,
320
79
983
,
320
80
845
,
314
80
845
,
314
79
903
,
312
79
903
,
312
80
924
,
312
80
924
,
312
77
855
,
312
77
855
,
312
73
984
,
313
73
984
,
313
69
943
,
313
69
943
,
313
66
917
,
322
66
917
,
322
64
1027
,
317
64
1027
,
317
64
977
,
316
64
977
,
316
65
859
,
316
64
978
,
314
64
978
,
314
64
894
,
313
64
894
,
313
65
808
,
314
65
808
,
314
64
1004
,
316
64
1004
,
316
63
1095
,
315
63
1095
,
315
63
932
,
315
63
932
,
315
63
1003
,
315
63
1003
,
315
62
1085
,
314
62
1085
,
314
63
886
,
313
63
886
,
313
62
929
,
309
62
929
,
309
62
991
,
302
62
991
,
302
63
840
,
300
63
840
,
300
62
928
,
300
62
928
,
300
62
1028
,
302
62
1028
,
302
63
908
,
304
63
908
,
304
63
993
,
305
63
993
,
305
63
1004
,
305
64
889
,
306
64
889
,
306
63
981
,
306
63
981
,
306
63
941
,
304
63
941
,
304
64
863
,
305
64
863
,
305
63
1052
,
305
63
1052
,
305
63
925
,
305
63
925
,
305
64
848
,
305
64
848
,
305
64
907
,
306
64
907
,
306
64
962
,
306
65
929
,
306
65
929
,
306
65
893
,
305
65
893
,
305
65
928
,
305
65
928
,
305
64
1012
,
303
64
1012
,
303
63
1054
,
303
63
1054
,
303
64
927
,
304
64
927
,
304
64
944
,
305
64
944
,
305
62
1047
,
304
62
1047
,
304
62
908
,
303
62
908
,
303
62
962
,
303
62
962
,
303
62
1041
,
303
62
1041
,
303
62
897
,
302
62
897
,
302
62
906
,
301
62
906
,
301
62
972
,
300
62
972
,
300
63
942
,
300
63
861
,
300
63
861
,
300
63
986
,
300
63
986
,
300
63
1042
,
297
63
1042
,
297
63
913
,
296
63
913
,
296
62
1063
,
297
62
1063
,
297
63
977
,
297
63
977
,
297
63
936
,
298
63
936
,
298
62
983
,
299
62
983
,
299
62
936
,
299
62
936
,
299
63
889
,
300
63
889
,
300
62
927
,
300
62
927
,
300
63
916
,
299
63
916
,
299
64
832
,
299
64
832
,
299
65
827
,
298
65
827
,
298
65
962
,
298
65
971
,
296
65
971
,
296
66
909
,
296
66
909
,
296
66
974
,
295
66
974
,
295
65
1030
,
294
65
1030
,
294
65
876
,
292
65
876
,
292
65
934
,
293
65
934
,
293
65
968
,
293
65
968
,
293
64
943
,
294
64
943
,
294
63
1001
,
296
63
1001
,
296
62
1030
,
296
62
1030
,
296
63
931
,
296
63
931
,
296
62
985
,
296
62
985
,
296
62
1020
,
297
62
1020
,
297
62
1017
,
298
62
1017
,
298
61
1012
,
298
61
1012
,
298
60
1140
,
299
60
1140
,
299
59
1017
,
298
59
1017
,
298
59
1101
,
298
59
1101
,
298
59
897
,
296
59
897
,
296
59
970
,
295
59
970
,
295
59
950
,
295
59
950
,
295
59
1123
,
295
59
1123
,
295
58
1113
,
294
58
1113
,
294
58
965
,
294
58
965
,
294
58
1058
,
295
58
1058
,
295
58
1076
,
295
58
1076
,
295
59
932
,
296
59
932
,
296
59
1046
,
297
59
1046
,
297
58
1104
,
297
58
1104
,
297
58
1019
,
297
58
1019
,
297
57
1094
,
298
57
1094
,
298
57
1186
,
298
57
1186
,
298
57
1126
,
298
57
1126
,
298
56
1065
,
299
56
1065
,
299
56
1065
,
299
56
1150
,
300
56
1150
,
300
56
1038
,
300
56
1038
,
300
55
1082
,
299
55
1082
,
299
55
1005
,
299
55
1005
,
299
56
919
,
298
56
919
,
298
56
970
,
296
56
970
,
296
57
1009
,
296
59
878
,
294
59
878
,
294
59
973
,
294
59
973
,
294
60
1019
,
295
60
1019
,
295
61
910
,
293
61
910
,
293
61
1033
,
292
61
1033
,
292
62
1034
,
292
62
1034
,
292
62
864
,
292
62
864
,
292
63
909
,
290
63
909
,
290
62
999
,
289
62
999
,
289
63
871
,
289
63
871
,
289
64
781
,
289
65
869
,
288
65
869
,
288
65
896
,
277
65
896
,
277
66
812
,
273
66
812
,
273
68
753
,
271
68
753
,
271
71
737
,
271
72
752
,
271
72
752
,
271
70
1056
,
273
70
1056
,
273
70
1056
,
273
69
1145
,
273
68
991
,
275
68
991
,
275
66
1029
,
277
66
1029
,
277
65
1049
,
276
65
1049
,
276
65
938
,
277
65
938
,
277
64
935
,
277
64
935
,
277
62
972
,
278
62
972
,
278
61
991
,
279
61
991
,
279
60
931
,
279
60
931
,
279
60
988
,
279
60
988
,
279
61
1059
,
280
61
1059
,
280
61
950
,
281
61
950
,
281
61
1038
,
281
61
1038
,
281
61
1085
,
282
61
1085
,
282
60
988
,
282
60
988
,
282
61
839
,
282
61
839
,
282
62
854
,
282
62
854
,
282
61
1079
,
284
61
1079
,
284
61
1033
,
283
61
1033
,
283
60
1034
,
283
60
1034
,
283
60
1123
,
282
60
1123
,
282
59
1059
,
282
59
1059
,
282
59
1054
,
282
59
1054
,
282
59
1062
,
282
59
1062
,
282
60
939
,
283
60
939
,
283
59
991
,
283
59
991
,
283
58
1049
,
284
58
1049
,
284
59
906
,
283
59
906
,
283
59
900
,
283
59
900
,
283
60
976
,
284
60
976
,
284
61
933
,
284
61
933
,
284
62
886
,
284
62
886
,
284
62
994
,
285
62
994
,
285
63
983
,
285
63
983
,
285
63
937
,
286
63
937
,
286
63
1016
,
285
63
1016
,
285
63
1043
,
286
63
1043
,
286
62
936
,
286
62
990
,
286
62
990
,
286
61
1077
,
285
61
1077
,
285
61
1013
,
286
61
1013
,
286
60
1051
,
287
60
1051
,
287
60
1051
,
287
59
1115
,
286
59
1115
,
286
59
1026
,
287
59
1026
,
287
59
958
,
287
59
954
,
287
59
954
,
287
59
980
,
287
59
980
,
286
59
980
,
286
58
1147
,
286
58
947
,
286
58
947
,
286
59
926
,
286
59
926
,
282
59
926
,
282
58
1168
,
276
58
1168
,
276
58
1075
,
270
58
1075
,
270
59
1043
,
270
59
1043
,
270
58
1074
,
272
58
1074
,
272
58
1083
,
273
58
1083
,
273
57
1158
,
275
57
1158
,
275
56
1156
,
276
56
1156
,
276
56
1069
,
278
56
1069
,
278
55
1153
,
278
55
1153
,
278
54
1131
,
279
54
1131
,
279
55
945
,
280
55
945
,
280
55
1026
,
281
55
1026
,
281
55
1026
,
281
54
1237
,
282
54
1237
,
282
54
1131
,
281
54
1131
,
281
55
995
,
282
55
995
,
282
55
1071
,
283
55
1071
,
283
55
1145
,
284
55
1145
,
284
55
1143
,
283
55
1143
,
283
55
1113
,
285
55
1113
,
285
55
1017
,
285
55
1017
,
285
54
1205
,
285
54
1205
,
285
53
1212
,
286
53
1212
,
286
54
1022
,
287
54
1022
,
287
55
1064
,
287
55
1064
,
288
55
1064
,
288
54
1210
,
288
54
1210
,
288
53
1112
,
289
53
1112
,
289
53
1213
,
288
53
1213
,
288
54
1042
,
287
54
1042
,
287
54
952
,
286
54
952
,
286
54
1040
,
287
54
1040
,
287
55
1137
,
288
55
1137
,
288
55
1126
,
287
55
1126
,
287
54
1165
,
283
54
1165
,
283
55
970
,
280
55
970
,
280
55
1104
,
281
55
1104
,
281
55
1143
,
281
55
1143
,
281
56
990
,
281
56
990
,
281
56
1043
,
282
56
1043
,
283
56
1043
,
283
55
1161
,
283
55
1161
,
283
55
997
,
282
55
997
,
282
56
1090
,
282
56
1090
,
282
56
1079
,
283
56
1079
,
283
57
977
,
285
57
977
,
285
56
1053
,
284
56
1053
,
284
56
1141
,
288
56
1141
,
288
57
950
,
287
57
950
,
287
57
966
,
287
57
966
,
287
57
1130
,
287
57
1130
,
287
58
917
,
287
58
917
,
287
58
1010
,
286
58
1010
,
286
59
1017
,
286
59
1017
,
286
59
1029
,
286
59
1029
,
286
58
1143
,
285
58
1143
,
285
58
973
,
285
58
973
,
285
59
971
,
287
59
971
,
287
58
1129
,
288
58
1129
,
288
58
1004
,
288
58
1004
,
288
59
974
,
289
59
974
,
289
59
991
,
288
59
991
,
288
58
1117
,
289
58
1117
,
289
58
997
,
290
58
997
,
290
58
1047
,
291
58
1047
,
291
59
958
,
291
59
958
,
291
60
849
,
292
60
849
,
292
60
857
,
292
60
857
,
292
62
953
,
292
62
888
,
292
62
888
,
292
62
888
,
292
61
1191
,
291
61
1191
,
291
60
1142
,
290
60
1142
,
290
60
1053
,
290
60
1053
,
290
60
1044
,
291
60
1044
,
291
60
1118
,
291
60
1118
,
291
59
1046
,
292
59
1046
,
292
58
1072
,
292
58
1072
,
292
57
1041
,
293
57
1041
,
293
57
973
,
294
57
973
,
294
56
1026
,
294
56
1026
,
294
56
1208
,
295
56
1208
,
295
56
1048
,
296
56
1048
,
296
56
1116
,
297
56
1116
,
297
56
1110
,
298
56
1110
,
298
56
997
,
298
56
997
,
298
57
967
,
299
57
967
,
299
57
1045
,
299
57
1045
,
299
57
1069
,
300
57
1069
,
300
56
1113
,
300
56
1113
,
300
56
1113
,
300
55
1141
,
300
57
941
,
301
57
941
,
301
57
1001
,
301
57
1001
,
301
58
984
,
303
58
984
,
303
59
899
,
302
59
899
,
302
59
1012
,
303
59
1012
,
303
58
1141
,
305
58
1141
,
305
59
941
,
304
59
941
,
304
59
1078
,
304
59
1078
,
304
59
1085
,
305
59
1085
,
305
60
894
,
305
60
894
,
305
59
1086
,
306
59
1086
,
306
59
1053
,
305
59
1053
,
305
59
927
,
307
59
927
,
307
59
1009
,
307
59
1009
,
307
58
1043
,
307
58
1043
,
307
60
912
,
307
60
912
,
307
60
959
,
307
60
959
,
307
60
1057
,
309
60
1057
,
309
61
961
,
309
61
961
,
309
60
1060
,
308
60
1060
,
308
60
981
,
309
60
981
,
309
61
918
,
309
61
918
,
309
61
971
,
308
61
971
,
308
61
966
,
309
61
966
,
309
62
894
,
309
62
894
,
309
62
950
,
310
62
950
,
310
61
1107
,
310
61
1107
,
310
61
1001
,
310
61
1001
,
310
60
1099
,
310
60
1099
,
310
61
978
,
311
61
978
,
311
61
935
,
310
61
935
,
310
61
1010
,
310
61
1010
,
310
60
1107
,
310
60
1107
,
310
59
1093
,
311
59
1093
,
311
58
1103
,
311
58
1103
,
311
58
972
,
311
58
972
,
311
58
993
,
312
58
993
,
312
58
991
,
311
58
991
,
311
60
895
,
311
60
895
,
311
60
927
,
311
60
927
,
311
60
966
,
311
60
966
,
311
60
897
,
312
60
897
,
312
61
999
,
313
61
999
,
313
62
998
,
313
62
998
,
313
63
911
,
313
63
911
,
313
63
1005
,
313
63
1005
,
313
62
1058
,
314
62
1058
,
314
62
1072
,
314
62
1072
,
314
61
1047
,
314
61
1047
,
314
60
980
,
311
60
980
,
311
61
892
,
311
61
950
,
309
61
950
,
309
60
1066
,
308
60
1066
,
308
61
925
,
308
61
925
,
308
59
1099
,
309
59
1099
,
309
59
1058
,
310
59
1058
,
310
60
944
,
311
60
944
,
311
60
992
,
311
60
992
,
311
60
1095
,
311
60
1095
,
311
60
936
,
311
60
936
,
311
60
1012
,
311
60
1012
,
311
59
966
,
311
59
966
,
311
61
857
,
311
61
857
,
311
61
911
,
312
61
911
,
312
62
935
,
312
62
935
,
312
63
868
,
313
63
868
,
313
63
936
,
313
63
936
,
313
63
974
,
313
65
898
,
313
65
898
,
313
65
945
,
313
65
945
,
313
64
1081
,
314
64
1081
,
314
64
907
,
315
64
907
,
315
63
999
,
315
63
999
,
315
63
974
,
314
63
974
,
314
64
849
,
313
64
849
,
313
63
899
,
312
63
899
,
312
63
965
,
311
63
965
,
311
64
910
,
310
64
910
,
310
63
985
,
310
63
985
,
310
62
1086
,
310
62
1086
,
310
63
925
,
311
63
925
,
311
62
1050
,
312
62
1050
,
312
62
1079
,
312
62
1079
,
312
62
932
,
312
62
932
,
312
61
971
,
313
61
971
,
313
60
1043
,
313
60
1043
,
313
61
909
,
313
61
909
,
313
61
914
,
313
61
914
,
313
61
987
,
311
61
987
,
311
62
909
,
311
62
946
,
311
62
946
,
311
62
946
,
311
61
1142
,
311
61
1142
,
311
61
1052
,
312
61
1052
,
312
61
1017
,
312
61
1017
,
312
60
1023
,
313
60
1023
,
313
60
1065
,
313
60
1065
,
313
59
1035
,
313
59
1035
,
313
59
1067
,
313
59
1067
,
313
59
936
,
312
59
936
,
312
59
922
,
312
59
922
,
312
58
1028
,
312
58
1028
,
312
59
1038
,
312
60
910
,
311
60
910
,
311
60
1030
,
311
60
1030
,
311
60
941
,
311
60
941
,
311
62
828
,
311
62
828
,
311
62
944
,
312
62
944
,
312
63
996
,
313
63
996
,
313
62
1005
,
313
62
1005
,
313
61
1060
,
314
61
1060
,
314
61
1078
,
313
61
1078
,
313
62
917
,
313
62
917
,
313
62
935
,
314
62
935
,
314
62
986
,
313
62
986
,
313
62
990
,
314
62
990
,
314
61
989
,
314
61
989
,
314
60
980
,
314
60
980
,
314
61
939
,
314
61
939
,
314
61
934
,
314
61
934
,
314
62
985
,
311
62
985
,
311
63
867
,
311
63
885
,
310
63
885
,
310
63
989
,
311
63
989
,
311
64
886
,
311
64
886
,
311
64
881
,
309
64
881
,
309
64
984
,
307
64
984
,
307
65
919
,
307
65
919
,
307
65
886
,
307
65
886
,
307
65
937
,
307
65
937
,
307
65
934
,
307
65
934
,
307
65
888
,
307
65
888
,
307
65
984
,
307
65
984
,
307
65
983
,
307
64
922
,
307
64
922
,
307
64
962
,
308
64
962
,
308
63
1047
,
308
63
1047
,
308
63
974
,
309
63
974
,
309
63
921
,
309
63
921
,
309
63
981
,
310
63
981
,
310
61
1122
,
309
61
1122
,
309
61
956
,
310
61
956
,
310
61
983
,
311
61
983
,
311
61
981
,
309
61
981
,
309
61
896
,
309
61
896
,
309
61
934
,
308
61
934
,
308
62
999
,
309
62
999
,
309
62
955
,
308
62
955
,
308
61
992
,
309
61
992
,
309
61
1084
,
309
61
1084
,
309
61
993
,
310
61
993
,
310
61
1030
,
310
61
1030
,
310
60
1075
,
311
60
1075
,
311
60
965
,
311
60
965
,
311
61
883
,
311
61
883
,
311
61
922
,
309
61
922
,
309
61
953
,
310
61
953
,
310
60
1034
,
311
60
1034
,
311
59
1150
,
311
59
1150
,
311
60
1055
,
310
60
1055
,
310
60
894
,
310
60
894
,
310
61
952
,
310
61
952
,
310
61
960
,
310
62
860
,
309
62
860
,
309
62
910
,
307
62
910
,
307
61
998
,
305
61
998
,
305
61
968
,
303
61
968
,
303
61
1027
,
303
61
1027
,
303
61
1154
,
300
61
1154
,
300
62
899
,
299
62
899
,
299
61
1107
,
300
61
1107
,
300
61
989
,
295
61
989
,
295
61
919
,
291
61
919
,
291
61
828
,
289
61
828
,
289
62
861
,
291
62
861
,
291
62
867
,
292
62
867
,
292
63
815
,
292
65
840
,
293
65
840
,
293
67
869
,
292
67
869
,
292
67
856
,
293
67
856
,
293
69
855
,
288
69
855
,
288
69
995
,
284
69
995
,
284
67
1134
,
282
67
1134
,
282
66
984
,
283
66
984
,
283
65
991
,
284
65
991
,
284
65
955
,
285
65
955
,
285
64
886
,
286
64
886
,
286
63
933
,
286
63
933
,
286
63
988
,
287
63
988
,
287
62
920
,
287
63
804
,
287
63
804
,
287
64
728
,
288
64
728
,
288
67
714
,
287
67
714
,
287
69
733
,
283
69
733
,
283
68
1104
,
280
68
1104
,
280
67
1147
,
281
67
1147
,
281
66
1045
,
281
66
1045
,
281
65
1018
,
281
65
1018
,
281
64
1110
,
283
64
1110
,
283
63
1053
,
283
63
1053
,
283
62
1022
,
284
62
1022
,
284
61
950
,
284
61
950
,
284
59
911
,
285
59
911
,
285
58
998
,
284
58
998
,
284
58
1045
,
284
58
1045
,
284
59
971
,
284
59
971
,
284
60
993
,
283
60
993
,
283
59
1101
,
283
59
1101
,
283
60
1008
,
285
60
1008
,
285
59
1091
,
284
59
1091
,
284
60
1014
,
286
60
1014
,
286
59
970
,
286
59
970
,
286
58
1072
,
287
58
1072
,
287
58
1041
,
287
58
1041
,
287
59
977
,
287
59
977
,
287
58
1154
,
288
58
1154
,
288
57
1049
,
288
57
1049
,
288
57
1112
,
289
57
1112
,
289
57
1080
,
289
57
1080
,
289
57
976
,
289
57
976
,
289
58
995
,
289
58
995
,
289
57
1142
,
289
57
1142
,
289
57
968
,
290
57
968
,
290
57
1073
,
291
57
1073
,
291
56
1091
,
291
56
1091
,
291
57
982
,
291
57
982
,
291
57
1040
,
292
57
1040
,
292
57
1130
,
292
57
1130
,
293
57
1130
,
293
57
1081
,
293
57
1081
,
293
56
1138
,
293
56
1138
,
293
56
1028
,
293
56
1028
,
293
57
982
,
294
57
982
,
294
57
1000
,
294
58
941
,
293
58
941
,
293
58
1025
,
294
58
1025
,
294
58
1034
,
296
58
1034
,
296
58
1065
,
296
58
1065
,
296
58
1065
,
296
58
1084
,
294
58
1084
,
294
58
1038
,
294
59
898
,
294
59
898
,
294
60
997
,
293
60
997
,
293
60
980
,
293
60
980
,
293
60
903
,
294
60
903
,
294
60
960
,
295
60
960
,
295
60
1040
,
295
60
1040
,
295
61
895
,
295
61
895
,
295
61
1030
,
295
61
1030
,
295
62
1000
,
296
62
1000
,
296
63
895
,
296
63
895
,
296
62
1003
,
296
62
1003
,
296
62
1010
,
295
62
1010
,
295
62
892
,
292
62
892
,
292
62
948
,
292
62
948
,
292
61
1102
,
290
61
1102
,
290
62
940
,
290
62
940
,
290
61
982
,
287
61
982
,
287
61
1045
,
284
61
1045
,
284
61
948
,
283
61
948
,
283
61
1022
,
285
61
1022
,
285
60
1142
,
285
60
1142
,
285
60
1043
,
286
60
1043
,
286
58
1123
,
285
58
1123
,
285
58
1064
,
286
58
1064
,
286
59
935
,
285
59
935
,
285
58
1001
,
286
58
1001
,
286
58
1032
,
286
58
1032
,
286
59
937
,
287
59
937
,
287
58
1043
,
288
58
1043
,
288
57
1119
,
288
57
1119
,
288
58
1009
,
288
58
1009
,
288
58
1110
,
290
58
1110
,
290
58
1057
,
289
58
1057
,
289
59
936
,
290
59
936
,
290
58
1021
,
290
58
1021
,
290
58
1115
,
290
58
1115
,
290
58
992
,
290
58
992
,
290
57
1088
,
290
57
1088
,
290
57
1091
,
290
57
1091
,
290
58
937
,
290
58
937
,
290
58
984
,
290
58
984
,
290
58
1051
,
291
58
1051
,
291
59
946
,
291
59
946
,
291
59
1016
,
292
59
1016
,
292
58
1130
,
292
58
1130
,
292
59
942
,
292
59
942
,
292
59
1019
,
293
59
1019
,
293
59
1038
,
293
59
1038
,
293
60
872
,
293
60
872
,
293
60
954
,
294
60
954
,
294
60
992
,
295
60
992
,
295
61
920
,
295
61
920
,
295
61
997
,
294
61
997
,
294
60
1140
,
295
60
1140
,
295
61
976
,
294
61
976
,
294
60
1036
,
296
60
1036
,
296
60
1000
,
295
60
1000
,
295
61
920
,
295
61
920
,
295
61
964
,
296
61
964
,
296
60
992
,
296
60
992
,
296
61
952
,
296
61
952
,
296
60
1048
,
297
60
1048
,
297
60
1029
,
297
60
1029
,
297
61
966
,
297
61
966
,
297
60
1073
,
297
60
1073
,
297
61
946
,
295
61
946
,
295
62
845
,
296
62
845
,
296
61
961
,
296
61
965
,
294
61
965
,
294
62
918
,
293
62
918
,
293
62
992
,
292
62
992
,
292
62
1025
,
292
62
1025
,
292
62
953
,
292
62
953
,
292
61
1111
,
292
61
1111
,
292
61
1069
,
291
61
1069
,
291
61
951
,
292
61
951
,
292
60
1023
,
293
60
1023
,
293
60
1026
,
293
60
1026
,
293
60
948
,
293
60
948
,
293
59
991
,
294
59
991
,
294
59
1073
,
294
59
1073
,
294
60
917
,
294
60
917
,
294
59
996
,
294
59
996
,
294
60
1001
,
295
60
1001
,
295
61
875
,
295
61
875
,
295
61
969
,
295
61
969
,
295
61
990
,
295
61
990
,
295
62
932
,
295
62
932
,
295
62
999
,
296
62
999
,
296
61
1040
,
295
61
1040
,
295
62
916
,
296
62
916
,
296
62
964
,
296
62
964
,
296
61
1073
,
295
61
1073
,
295
62
888
,
294
62
888
,
294
62
941
,
294
62
941
,
294
62
980
,
294
63
860
,
293
63
860
,
293
63
867
,
292
63
867
,
292
64
827
,
289
64
827
,
289
65
954
,
290
65
954
,
290
65
888
,
290
65
888
,
290
65
964
,
291
65
964
,
291
65
1004
,
291
65
1004
,
291
65
898
,
290
65
898
,
290
65
922
,
291
65
922
,
291
65
980
,
291
65
897
,
288
65
897
,
288
65
944
,
287
65
944
,
287
63
1053
,
287
63
1053
,
287
64
881
,
286
64
881
,
286
63
965
,
284
63
965
,
284
63
986
,
283
63
986
,
283
64
880
,
282
64
880
,
282
64
894
,
283
64
894
,
283
64
964
,
281
64
964
,
281
64
916
,
282
64
916
,
282
64
852
,
283
64
852
,
283
64
930
,
283
64
930
,
283
65
983
,
283
65
871
,
282
65
871
,
282
65
921
,
280
65
921
,
280
65
1002
,
281
65
1002
,
281
65
875
,
282
65
875
,
282
65
911
,
282
65
911
,
282
65
947
,
282
65
947
,
282
66
864
,
279
66
864
,
279
65
884
,
279
65
884
,
279
65
940
,
279
66
856
,
279
66
856
,
279
66
885
,
278
66
885
,
278
66
928
,
280
66
928
,
280
67
862
,
279
67
862
,
279
67
876
,
280
67
876
,
280
67
934
,
279
67
934
,
279
67
866
,
279
67
866
,
279
68
855
,
279
67
925
,
280
67
925
,
280
68
891
,
281
68
891
,
281
67
880
,
281
67
880
,
281
67
965
,
281
67
965
,
281
67
960
,
282
67
960
,
282
66
965
,
281
66
965
,
281
65
1054
,
282
65
1054
,
282
64
1033
,
282
64
1033
,
282
64
894
,
282
64
894
,
282
63
925
,
283
63
925
,
283
63
946
,
283
63
946
,
283
63
888
,
281
63
888
,
281
63
930
,
281
63
931
,
279
63
931
,
279
64
815
,
271
64
815
,
271
65
884
,
272
65
884
,
272
65
971
,
279
65
971
,
279
65
979
,
280
65
979
,
280
65
1002
,
281
65
1002
,
281
64
1038
,
279
64
1038
,
279
64
884
,
281
64
884
,
281
64
917
,
281
64
917
,
281
64
945
,
281
64
945
,
281
64
874
,
282
64
874
,
282
64
905
,
282
63
982
,
283
63
982
,
283
63
984
,
284
63
984
,
284
63
1004
,
285
63
1004
,
285
62
1105
,
285
62
1105
,
285
62
1088
,
281
62
1088
,
281
62
936
,
278
62
936
,
278
61
949
,
271
61
949
,
271
61
985
,
261
61
985
,
261
61
909
,
256
61
909
,
256
61
943
,
259
61
943
,
259
60
1088
,
265
60
1088
,
265
59
963
,
266
59
963
,
266
60
931
,
266
60
931
,
266
60
1005
,
266
60
1005
,
266
60
1078
,
266
60
1078
,
266
60
947
,
266
60
947
,
266
60
1050
,
267
60
1050
,
267
60
1003
,
266
60
1003
,
266
60
901
,
266
60
965
,
267
60
965
,
267
61
995
,
269
61
995
,
269
61
945
,
269
61
945
,
269
61
991
,
269
61
991
,
269
60
1072
,
269
60
1072
,
269
61
965
,
270
61
965
,
270
61
885
,
269
61
885
,
269
62
969
,
270
62
969
,
270
62
977
,
271
62
977
,
271
62
927
,
271
62
927
,
271
62
1010
,
271
62
1010
,
271
61
1154
,
271
61
1154
,
271
60
991
,
271
60
991
,
271
60
1001
,
273
60
1001
,
273
61
944
,
272
61
944
,
272
62
857
,
271
62
857
,
271
62
906
,
269
62
906
,
269
62
945
,
269
62
943
,
266
62
943
,
266
62
986
,
265
62
986
,
265
62
1007
,
265
62
1007
,
265
63
914
,
265
63
914
,
265
64
885
,
266
64
885
,
266
64
972
,
266
64
972
,
266
64
1024
,
266
64
1024
,
266
63
915
,
267
63
915
,
267
63
966
,
267
63
966
,
267
63
945
,
268
63
945
,
268
63
892
,
267
63
892
,
267
63
937
,
269
63
937
,
269
63
1069
,
269
63
1069
,
269
63
877
,
269
63
877
,
269
63
929
,
273
63
929
,
273
60
944
,
274
60
944
,
274
59
1107
,
274
59
1107
,
274
60
929
,
274
60
929
,
274
60
1016
,
275
60
1016
,
275
60
1019
,
276
60
1019
,
276
60
964
,
276
60
964
,
276
60
1032
,
277
60
1032
,
277
60
1095
,
277
60
1095
,
277
61
885
,
277
61
885
,
277
60
944
,
278
60
944
,
278
60
929
,
278
62
830
,
278
62
830
,
278
63
834
,
278
63
834
,
278
64
874
,
275
64
874
,
275
65
887
,
271
65
887
,
271
66
841
,
270
66
841
,
270
67
852
,
270
69
860
,
268
69
860
,
268
70
722
,
268
70
722
,
268
72
713
,
268
72
713
,
268
74
745
,
268
74
784
,
260
74
784
,
260
75
773
,
253
75
773
,
253
76
762
,
246
76
762
,
246
76
803
,
246
76
855
,
245
76
855
,
245
77
816
,
247
77
816
,
247
77
804
,
249
77
804
,
249
76
883
,
250
76
883
,
250
74
874
,
252
74
874
,
252
73
814
,
252
73
851
,
253
73
851
,
253
71
953
,
254
71
953
,
254
70
911
,
255
70
911
,
255
70
845
,
257
70
845
,
257
69
900
,
258
69
900
,
258
68
960
,
258
68
960
,
258
67
931
,
259
67
931
,
259
67
903
,
260
67
903
,
260
67
938
,
257
67
938
,
257
65
970
,
257
65
970
,
257
65
973
,
257
64
976
,
257
64
976
,
257
64
1004
,
259
64
1004
,
259
63
936
,
260
63
936
,
260
63
981
,
261
63
981
,
261
62
1102
,
261
62
1102
,
261
61
1006
,
261
61
1006
,
261
60
1056
,
262
60
1056
,
262
60
1041
,
262
60
1041
,
262
59
1013
,
264
59
1013
,
264
59
983
,
264
59
983
,
264
59
1016
,
264
59
1016
,
264
60
946
,
264
60
946
,
264
60
924
,
262
60
924
,
262
60
945
,
262
60
945
,
262
61
983
,
262
61
983
,
262
61
891
,
263
61
891
,
263
62
981
,
264
62
981
,
264
61
1087
,
265
61
1087
,
265
61
1005
,
266
61
1005
,
266
61
986
,
265
61
986
,
265
62
892
,
261
62
892
,
261
63
863
,
260
63
863
,
260
63
881
,
260
64
842
,
258
64
842
,
258
65
798
,
259
65
798
,
259
65
947
,
259
65
947
,
259
64
1102
,
260
64
1102
,
260
64
989
,
262
64
989
,
262
65
965
,
262
65
965
,
262
65
972
,
262
65
972
,
262
64
951
,
261
64
951
,
261
64
858
,
261
64
858
,
261
64
886
,
259
64
886
,
259
64
922
,
259
63
865
,
256
63
865
,
256
64
903
,
255
64
903
,
255
65
953
,
255
65
953
,
255
65
907
,
256
65
907
,
256
67
784
,
253
67
784
,
253
68
835
,
248
68
835
,
248
68
889
,
248
68
826
,
246
68
826
,
246
68
948
,
246
68
948
,
246
68
966
,
248
68
966
,
248
68
869
,
250
68
869
,
250
68
884
,
251
68
884
,
251
68
944
,
252
68
944
,
252
68
936
,
254
68
936
,
254
66
941
,
255
66
941
,
255
66
859
,
255
67
788
,
255
67
788
,
255
68
694
,
253
68
694
,
253
70
680
,
253
73
675
,
245
73
675
,
245
74
699
,
242
74
699
,
242
76
728
,
240
76
728
,
240
77
827
,
241
77
827
,
241
77
946
,
241
77
863
,
242
77
863
,
242
77
849
,
243
77
849
,
243
76
901
,
245
76
901
,
245
75
866
,
245
75
866
,
245
74
800
,
245
74
800
,
245
72
833
,
245
71
865
,
242
71
865
,
242
70
802
,
240
70
802
,
240
70
791
,
240
70
791
,
240
71
869
,
241
71
869
,
241
71
847
,
241
72
784
,
241
72
784
,
241
72
844
,
241
72
844
,
241
73
831
,
240
73
831
,
240
73
764
,
241
73
764
,
241
73
810
,
241
73
853
,
239
73
853
,
239
73
807
,
239
73
807
,
239
73
786
,
238
73
786
,
238
74
815
,
239
74
815
,
239
74
830
,
239
74
783
,
240
74
783
,
240
75
765
,
240
75
765
,
240
75
806
,
241
75
806
,
241
74
810
,
241
75
777
,
242
75
777
,
242
75
801
,
242
75
801
,
242
75
815
,
242
75
815
,
242
75
756
,
242
76
716
,
243
76
716
,
243
78
677
,
245
78
677
,
245
79
686
,
241
79
686
,
241
79
781
,
241
79
792
,
237
79
792
,
237
79
782
,
236
79
782
,
236
79
823
,
236
79
823
,
236
78
842
,
236
78
797
,
237
78
797
,
237
78
806
,
239
78
806
,
239
77
834
,
240
77
834
,
240
75
842
,
241
75
842
,
241
74
809
,
243
74
809
,
243
73
881
,
243
72
959
,
244
72
959
,
244
71
915
,
244
71
915
,
244
70
882
,
244
70
882
,
244
70
907
,
242
70
907
,
242
69
892
,
240
69
892
,
240
68
841
,
241
68
841
,
241
68
900
,
241
67
934
,
242
67
934
,
242
66
935
,
242
66
935
,
242
65
1008
,
243
65
1008
,
243
65
997
,
244
65
997
,
244
65
882
,
244
65
882
,
244
65
919
,
245
65
919
,
245
65
938
,
245
65
938
,
245
64
995
,
245
64
995
,
245
64
869
,
246
64
869
,
246
64
949
,
246
64
949
,
246
64
939
,
247
64
939
,
247
63
974
,
247
63
974
,
247
63
1035
,
248
63
1035
,
248
63
1001
,
250
63
1001
,
250
63
893
,
250
63
951
,
250
63
951
,
250
63
978
,
250
63
978
,
250
63
934
,
251
63
934
,
251
63
937
,
251
63
937
,
251
63
930
,
251
63
930
,
251
63
865
,
251
63
865
,
251
64
871
,
252
64
871
,
252
65
938
,
251
65
938
,
251
65
965
,
251
65
965
,
251
65
883
,
250
65
883
,
250
65
964
,
247
65
964
,
247
65
988
,
247
65
882
,
245
65
882
,
245
65
938
,
245
65
938
,
245
65
967
,
245
65
967
,
245
65
877
,
245
65
877
,
245
64
922
,
247
64
922
,
247
64
1032
,
247
64
1032
,
247
64
941
,
247
64
941
,
247
63
949
,
248
63
949
,
248
63
953
,
248
63
953
,
248
64
899
,
248
64
871
,
248
64
871
,
248
64
936
,
248
64
936
,
248
64
982
,
248
64
982
,
248
64
863
,
247
64
863
,
247
64
946
,
246
64
946
,
246
64
1012
,
246
64
1012
,
246
64
909
,
247
64
909
,
247
64
948
,
247
64
948
,
247
64
950
,
247
64
950
,
247
65
884
,
248
65
884
,
248
64
924
,
248
64
924
,
248
64
974
,
248
64
974
,
248
64
917
,
248
64
927
,
247
64
927
,
247
64
1000
,
247
64
1000
,
247
64
928
,
248
64
928
,
248
64
982
,
248
64
982
,
248
63
982
,
246
63
982
,
246
64
917
,
245
64
917
,
245
64
897
,
245
64
897
,
245
64
818
,
243
64
818
,
243
66
762
,
243
67
723
,
240
67
723
,
240
69
693
,
238
69
693
,
238
71
698
,
238
74
685
,
238
74
685
,
238
76
722
,
238
76
722
,
238
78
747
,
238
78
747
,
238
79
886
,
239
79
886
,
239
78
944
,
239
78
859
,
242
78
859
,
242
76
901
,
242
76
901
,
242
74
931
,
241
74
931
,
241
73
833
,
241
73
833
,
241
72
856
,
242
72
856
,
242
70
908
,
242
70
908
,
242
69
833
,
242
68
857
,
243
68
857
,
243
68
912
,
243
68
912
,
243
69
848
,
243
69
848
,
243
69
820
,
244
69
820
,
244
69
891
,
244
69
891
,
244
70
855
,
244
70
809
,
244
70
809
,
244
70
877
,
245
70
877
,
245
70
916
,
244
70
916
,
244
70
836
,
245
70
836
,
245
69
886
,
245
69
886
,
245
70
853
,
245
70
827
,
245
70
827
,
245
69
914
,
246
69
914
,
246
69
885
,
246
69
885
,
246
69
847
,
248
69
847
,
248
68
947
,
248
68
947
,
248
68
975
,
247
68
975
,
247
68
906
,
248
68
906
,
248
67
855
,
248
68
772
,
248
68
772
,
248
69
722
,
245
69
722
,
245
70
791
,
244
70
791
,
244
71
807
,
244
71
807
,
244
70
983
,
245
70
983
,
245
68
1021
,
245
68
1021
,
245
68
1041
,
246
68
1041
,
246
67
1063
,
246
67
1063
,
246
67
879
,
246
68
809
,
244
68
809
,
244
67
832
,
239
67
832
,
239
66
838
,
236
66
838
,
236
66
822
,
236
66
822
,
236
66
787
,
236
67
872
,
237
67
872
,
237
68
850
,
236
68
850
,
236
70
779
,
235
70
779
,
235
73
803
,
235
73
803
,
235
72
923
,
230
72
923
,
230
71
886
,
230
72
790
,
230
72
790
,
230
73
741
,
230
73
741
,
230
74
731
,
224
74
731
,
224
73
829
,
224
73
854
,
222
73
854
,
222
74
789
,
238
74
789
,
238
73
842
,
232
73
842
,
232
73
839
,
230
73
839
,
230
74
825
,
230
75
757
,
231
75
757
,
231
75
801
,
232
75
801
,
232
74
826
,
230
74
826
,
230
73
833
,
227
73
833
,
227
74
774
,
227
75
708
,
219
75
708
,
219
76
693
,
228
76
693
,
228
78
658
,
228
80
649
,
222
80
649
,
222
82
628
,
222
83
635
,
221
83
635
,
221
85
642
,
221
85
642
,
221
87
654
,
221
90
649
,
221
90
649
,
221
91
680
,
220
91
680
,
220
91
716
,
222
91
716
,
222
90
762
,
222
89
738
,
223
89
738
,
223
88
728
,
225
88
728
,
225
86
764
,
225
84
795
,
227
84
795
,
227
83
763
,
228
83
763
,
228
81
772
,
229
81
772
,
229
80
829
,
229
80
829
,
229
78
843
,
229
77
777
,
230
77
777
,
230
77
823
,
232
77
823
,
232
75
920
,
233
75
920
,
233
74
869
,
233
74
869
,
233
73
880
,
233
73
880
,
233
71
994
,
235
71
994
,
235
69
952
,
234
69
952
,
234
68
956
,
234
68
956
,
234
67
961
,
234
67
961
,
234
66
1012
,
234
65
844
,
235
65
844
,
235
64
931
,
233
64
931
,
233
64
965
,
230
64
965
,
230
64
897
,
230
64
897
,
230
63
977
,
231
63
977
,
231
63
1045
,
232
63
1045
,
232
63
1007
,
234
63
1007
,
234
62
1060
,
231
62
1060
,
231
61
1080
,
224
61
1080
,
224
61
959
,
221
61
959
,
221
60
1005
,
219
60
1005
,
219
60
988
,
221
60
988
,
221
61
883
,
222
61
883
,
222
60
946
,
224
60
946
,
224
60
999
,
223
60
999
,
223
61
979
,
226
61
979
,
226
60
1077
,
226
60
1077
,
226
60
1041
,
229
60
1041
,
229
61
889
,
227
61
889
,
227
62
949
,
222
62
949
,
222
61
1007
,
221
61
1007
,
221
62
877
,
221
62
877
,
221
62
956
,
221
62
965
,
218
62
965
,
218
62
934
,
215
62
934
,
215
61
1074
,
213
61
1074
,
213
61
1067
,
210
61
1067
,
210
62
994
,
211
62
994
,
211
61
1033
,
213
61
1033
,
216
61
1033
,
216
60
1098
,
216
60
926
,
218
60
926
,
218
60
996
,
218
60
996
,
218
60
962
,
217
60
962
,
217
60
851
,
215
60
851
,
215
60
925
,
226
60
925
,
226
62
840
,
489
62
840
,
489
64
813
,
489
65
743
,
510
65
743
,
510
67
754
,
511
67
754
,
511
69
869
,
511
75
247
,
510
75
247
,
510
82
271
,
511
82
271
,
511
81
1087
,
511
81
1087
,
511
81
1087
,
511
81
1087
,
510
81
1087
,
511
81
1087
,
510
81
1087
,
511
81
1087
,
511
81
1087
,
511
81
1087
,
511
81
1087
,
511
81
1087
,
510
81
1087
,
511
81
1087
,
510
81
1087
,
511
81
1087
,
510
81
1087
,
510
81
1087
,
511
81
1087
,
511
81
1087
,
511
81
1087
,
511
81
1087
,
511
81
1087
,