
266
77
783
,
268
77
783
,
268
76
815
,
271
76
815
,
271
76
831
,
270
76
831
,
270
75
810
,
270
75
792
,
266
75
792
,
266
75
809
,
266
75
809
,
266
75
808
,
266
75
808
,
266
75
783
,
266
75
757
,
266
75
757
,
266
75
782
,
266
75
782
,
266
75
807
,
266
75
807
,
266
75
823
,
267
75
823
,
267
75
782
,
267
76
782
,
266
76
782
,
266
76
773
,
262
76
773
,
262
76
773
,
263
76
773
,
263
77
751
,
263
77
800
,
263
77
800
,
263
76
830
,
265
76
830
,
265
75
883
,
266
75
883
,
266
75
850
,
267
75
850
,
267
75
809
,
267
74
817
,
268
74
817
,
268
74
781
,
269
74
781
,
269
74
782
,
270
74
782
,
270
74
790
,
270
74
762
,
270
74
762
,
270
74
770
,
270
74
770
,
270
75
789
,
270
75
789
,
270
75
816
,
270
75
816
,
270
76
802
,
270
76
815
,
271
76
815
,
271
76
832
,
266
76
832
,
266
75
820
,
266
75
820
,
266
75
785
,
266
76
745
,
264
76
745
,
264
76
742
,
262
76
742
,
262
76
743
,
258
76
743
,
258
76
749
,
258
77
737
,
260
77
737
,
260
78
756
,
261
78
756
,
261
78
786
,
256
78
786
,
256
78
819
,
260
78
819
,
260
78
808
,
260
78
812
,
263
78
812
,
263
77
832
,
262
77
832
,
262
78
602
,
262
78
602
,
262
76
955
,
262
76
836
,
263
76
836
,
263
75
776
,
264
75
776
,
264
75
755
,
263
75
755
,
263
76
738
,
263
76
787
,
266
76
787
,
266
76
770
,
272
76
770
,
272
77
769
,
270
77
769
,
270
76
956
,
267
76
956
,
267
75
613
,
267
76
921
,
264
76
921
,
264
76
843
,
263
76
843
,
263
75
802
,
259
75
802
,
259
75
769
,
261
75
769
,
261
75
802
,
261
75
779
,
260
75
779
,
260
75
736
,
257
75
736
,
257
76
723
,
257
78
693
,
260
78
693
,
260
77
685
,
262
77
685
,
262
80
701
,
261
80
701
,
261
81
731
,
261
82
735
,
259
82
735
,
259
82
741
,
256
82
741
,
256
82
784
,
240
82
784
,
240
81
843
,
240
81
811
,
241
81
811
,
241
79
867
,
248
79
867
,
248
78
836
,
252
78
836
,
252
76
811
,
254
76
811
,
254
75
836
,
255
75
836
,
255
74
825
,
255
74
793
,
255
74
793
,
255
73
790
,
256
73
790
,
256
73
828
,
253
73
828
,
253
73
842
,
253
74
682
,
252
74
682
,
252
73
975
,
255
73
975
,
255
73
872
,
256
73
872
,
256
73
818
,
257
73
818
,
257
73
788
,
258
73
788
,
258
73
824
,
258
73
815
,
261
73
815
,
261
73
798
,
261
73
798
,
261
72
867
,
266
72
867
,
266
74
623
,
266
75
579
,
256
75
579
,
256
80
507
,
256
81
806
,
254
81
806
,
254
84
552
,
254
91
191
,
253
91
191
,
253
92
787
,
247
92
787
,
247
89
1001
,
248
89
1001
,
248
89
844
,
250
89
844
,
250
89
824
,
250
87
839
,
247
87
839
,
247
84
780
,
242
84
780
,
242
81
808
,
238
81
808
,
238
81
819
,
240
81
819
,
240
78
805
,
240
72
832
,
243
72
832
,
243
71
851
,
244
71
851
,
244
73
840
,
246
73
840
,
246
75
649
,
248
75
649
,
248
72
1058
,
249
72
1058
,
249
72
877
,
249
74
563
,
251
74
563
,
251
72
1015
,
252
72
1015
,
252
72
840
,
253
72
840
,
253
72
783
,
254
72
783
,
254
72
825
,
254
72
902
,
255
72
902
,
255
71
907
,
256
71
907
,
256
69
923
,
256
69
923
,
256
70
980
,
257
70
980
,
257
69
945
,
258
69
945
,
258
66
925
,
260
66
925
,
260
67
924
,
261
67
924
,
261
67
857
,
261
68
582
,
257
68
582
,
257
67
1053
,
250
67
1053
,
250
67
867
,
250
67
867
,
250
67
842
,
253
67
842
,
253
68
859
,
254
68
859
,
254
69
846
,
256
69
846
,
256
70
845
,
256
72
616
,
256
72
616
,
256
71
1096
,
258
71
1096
,
258
71
855
,
259
71
855
,
259
69
791
,
259
69
791
,
259
71
800
,
259
72
812
,
260
72
812
,
260
72
802
,
261
72
802
,
261
73
804
,
262
73
804
,
262
73
822
,
263
73
822
,
263
73
845
,
263
71
822
,
264
71
822
,
264
73
851
,
265
73
851
,
265
73
872
,
266
73
872
,
266
72
865
,
267
72
865
,
267
72
821
,
268
72
821
,
268
72
831
,
268
72
835
,
268
72
835
,
268
72
827
,
268
72
827
,
268
72
815
,
269
72
815
,
269
72
832
,
271
72
832
,
271
71
845
,
271
72
828
,
271
72
828
,
271
72
825
,
271
72
825
,
271
72
837
,
271
72
837
,
271
72
834
,
272
72
834
,
272
72
816
,
273
72
816
,
273
72
836
,
273
72
844
,
274
72
844
,
274
72
849
,
274
72
849
,
274
72
814
,
276
72
814
,
276
72
821
,
276
72
821
,
276
72
822
,
276
72
816
,
277
72
816
,
277
73
798
,
279
73
798
,
279
75
585
,
278
75
585
,
278
73
1037
,
280
73
1037
,
280
73
846
,
280
73
777
,
281
73
777
,
281
74
776
,
281
74
776
,
281
74
802
,
282
74
802
,
282
74
861
,
283
74
861
,
283
73
878
,
283
73
868
,
283
73
868
,
283
72
897
,
284
72
897
,
284
69
904
,
285
69
904
,
285
71
869
,
286
71
869
,
286
71
832
,
286
71
832
,
286
70
849
,
287
70
849
,
287
70
832
,
287
70
798
,
288
70
798
,
288
70
821
,
289
70
821
,
289
71
837
,
290
71
837
,
290
72
704
,
290
72
704
,
290
71
953
,
290
72
861
,
291
72
861
,
291
72
840
,
291
72
840
,
291
72
803
,
292
72
803
,
292
73
766
,
292
73
791
,
293
73
791
,
293
73
815
,
293
73
815
,
293
73
843
,
294
73
843
,
294
73
829
,
294
73
829
,
294
72
875
,
295
72
875
,
295
72
914
,
295
72
885
,
296
72
885
,
296
71
891
,
297
71
891
,
297
71
868
,
297
71
868
,
297
70
833
,
298
70
833
,
298
70
792
,
298
70
792
,
298
70
804
,
298
70
830
,
299
70
830
,
299
70
839
,
299
70
839
,
299
71
812
,
300
71
812
,
300
74
597
,
300
74
597
,
300
72
1055
,
301
72
1055
,
301
72
872
,
301
73
801
,
302
73
801
,
302
73
810
,
302
73
810
,
302
73
821
,
303
73
821
,
303
73
835
,
303
73
835
,
303
73
816
,
303
73
822
,
303
73
822
,
303
73
841
,
304
73
841
,
304
70
841
,
304
70
841
,
304
73
811
,
305
73
811
,
305
73
827
,
305
73
840
,
306
73
840
,
306
73
807
,
304
73
807
,
304
73
765
,
305
73
765
,
305
75
638
,
305
75
638
,
305
73
988
,
305
73
831
,
306
73
831
,
306
74
724
,
306
74
724
,
306
74
834
,
306
74
834
,
306
74
813
,
306
75
783
,
307
75
783
,
307
75
765
,
307
75
765
,
307
76
793
,
308
76
793
,
308
75
811
,
308
75
811
,
308
74
780
,
308
76
795
,
309
76
795
,
309
78
596
,
309
78
596
,
309
75
1007
,
309
75
1007
,
309
75
809
,
309
76
778
,
309
76
778
,
309
76
801
,
310
76
801
,
310
76
743
,
310
76
743
,
310
76
758
,
310
76
795
,
310
76
795
,
310
76
836
,
310
76
836
,
310
76
783
,
311
76
783
,
311
74
797
,
310
74
797
,
310
76
846
,
310
76
787
,
310
76
787
,
310
76
779
,
310
76
779
,
310
76
816
,
309
76
816
,
309
75
779
,
308
75
779
,
308
75
798
,
308
75
795
,
308
75
795
,
308
77
588
,
308
77
588
,
308
76
955
,
309
76
955
,
309
75
846
,
309
75
846
,
309
75
828
,
309
75
818
,
309
75
818
,
309
75
806
,
308
75
806
,
308
76
641
,
309
76
641
,
309
73
1101
,
309
73
1101
,
309
72
931
,
310
72
931
,
310
72
845
,
310
70
859
,
310
70
859
,
310
70
882
,
310
70
882
,
310
70
817
,
311
70
817
,
311
71
804
,
311
71
804
,
311
71
785
,
311
71
781
,
311
71
781
,
311
70
786
,
311
70
786
,
311
73
762
,
311
73
762
,
311
74
808
,
311
74
802
,
311
74
802
,
311
75
818
,
311
75
818
,
311
75
820
,
311
75
820
,
311
75
809
,
311
75
809
,
311
75
809
,
311
75
807
,
311
75
807
,
311
75
765
,
311
75
765
,
311
75
753
,
308
75
753
,
308
76
729
,
308
77
723
,
308
77
723
,
308
77
756
,
308
77
756
,
308
77
798
,
309
77
798
,
309
77
849
,
309
77
831
,
308
77
831
,
308
79
627
,
308
79
627
,
308
76
1070
,
307
76
1070
,
307
75
903
,
307
75
903
,
307
74
810
,
307
73
817
,
306
73
817
,
306
72
823
,
307
72
823
,
307
72
807
,
307
72
807
,
307
72
853
,
307
72
853
,
307
71
890
,
306
71
890
,
306
71
872
,
306
69
884
,
305
69
884
,
305
70
931
,
305
70
931
,
305
70
926
,
305
70
926
,
305
69
847
,
304
69
847
,
304
69
866
,
304
69
866
,
304
69
871
,
304
70
630
,
304
70
630
,
304
69
1015
,
304
69
1015
,
304
69
883
,
304
69
883
,
304
69
814
,
305
69
814
,
305
70
797
,
305
70
797
,
305
71
836
,
305
71
836
,
305
71
878
,
305
73
596
,
305
73
596
,
305
80
0
,
305
80
0
,
305
77
925
,
305
77
925
,
305
78
859
,
306
78
859
,
306
79
800
,
306
79
818
,
305
79
818
,
305
79
846
,
306
79
846
,
306
79
857
,
306
79
857
,
306
79
846
,
305
79
846
,
305
76
899
,
305
76
899
,
305
77
916
,
305
77
916
,
305
69
889
,
305
70
881
,
302
70
881
,
302
69
898
,
300
69
898
,
300
69
856
,
299
69
856
,
299
71
594
,
300
71
594
,
300
69
1041
,
300
69
1041
,
300
69
885
,
300
70
708
,
300
70
708
,
300
70
889
,
301
70
889
,
301
71
845
,
302
71
845
,
302
71
832
,
302
71
832
,
302
72
825
,
302
72
825
,
302
72
880
,
302
72
880
,
302
71
922
,
302
69
922
,
302
69
922
,
302
69
931
,
302
69
931
,
302
69
936
,
302
69
936
,
302
68
904
,
300
68
904
,
300
68
816
,
296
68
816
,
296
68
814
,
296
68
814
,
296
68
817
,
296
69
794
,
297
69
794
,
297
69
816
,
297
69
816
,
297
70
843
,
298
70
843
,
298
72
692
,
297
72
692
,
297
80
0
,
297
80
0
,
297
80
913
,
297
79
874
,
298
79
874
,
298
79
827
,
297
79
827
,
297
79
819
,
298
79
819
,
298
79
845
,
297
79
845
,
297
78
864
,
297
78
864
,
297
78
859
,
297
76
844
,
297
76
844
,
297
78
862
,
297
78
862
,
297
70
857
,
297
70
857
,
297
71
798
,
297
71
798
,
297
72
724
,
297
73
747
,
296
73
747
,
296
73
764
,
291
73
764
,
291
74
823
,
292
74
823
,
292
73
886
,
293
73
886
,
293
73
925
,
294
73
925
,
294
72
894
,
294
72
884
,
294
72
884
,
294
72
887
,
294
72
887
,
294
71
870
,
294
71
870
,
294
71
820
,
294
71
820
,
294
70
806
,
294
70
806
,
294
70
818
,
294
70
833
,
293
70
833
,
293
70
811
,
293
70
811
,
293
71
833
,
292
71
833
,
292
71
847
,
289
71
847
,
289
72
857
,
289
72
837
,
290
72
837
,
290
72
861
,
291
72
861
,
291
72
857
,
292
72
857
,
292
71
843
,
292
71
843
,
292
73
650
,
292
73
650
,
292
79
0
,
292
79
841
,
290
79
841
,
290
82
579
,
288
82
579
,
288
81
949
,
287
81
949
,
287
81
834
,
284
81
834
,
284
82
785
,
284
83
781
,
285
83
781
,
285
82
846
,
287
82
846
,
287
80
901
,
287
80
901
,
287
81
907
,
288
81
907
,
288
72
907
,
289
72
907
,
289
71
947
,
289
71
947
,
289
68
945
,
290
68
945
,
290
69
889
,
290
68
896
,
290
68
896
,
290
67
888
,
290
67
888
,
290
67
857
,
289
67
857
,
289
67
804
,
287
67
804
,
287
68
816
,
287
68
833
,
287
68
833
,
287
69
816
,
285
69
816
,
285
70
791
,
286
70
791
,
286
71
829
,
287
71
829
,
287
72
849
,
287
72
817
,
287
72
817
,
287
73
829
,
285
73
829
,
285
73
841
,
284
73
841
,
284
73
852
,
284
73
852
,
284
72
841
,
284
74
612
,
283
74
612
,
283
72
1032
,
284
72
1032
,
284
71
905
,
285
71
905
,
285
73
625
,
285
73
625
,
285
72
1012
,
285
72
1012
,
285
71
919
,
286
71
919
,
286
70
878
,
286
70
878
,
286
70
840
,
286
70
850
,
286
70
850
,
286
70
860
,
285
70
860
,
285
70
622
,
285
70
622
,
285
70
1028
,
285
70
1028
,
285
70
914
,
285
70
634
,
285
70
634
,
285
70
1026
,
286
70
1026
,
286
70
891
,
286
70
891
,
286
70
855
,
287
70
855
,
287
70
863
,
288
70
863
,
288
70
848
,
288
70
848
,
288
71
820
,
288
69
854
,
288
69
854
,
288
70
869
,
286
70
869
,
286
70
856
,
286
70
856
,
286
69
830
,
287
69
830
,
287
70
842
,
288
70
842
,
288
71
855
,
288
71
861
,
288
71
861
,
288
71
831
,
289
71
831
,
289
71
845
,
290
71
845
,
290
71
865
,
290
71
865
,
290
70
860
,
290
70
860
,
290
71
816
,
290
71
822
,
290
71
822
,
290
71
801
,
290
71
801
,
290
72
808
,
290
72
808
,
290
73
754
,
290
74
757
,
290
74
757
,
290
74
777
,
290
74
777
,
290
75
724
,
290
75
724
,
290
76
757
,
290
77
778
,
289
77
778
,
289
77
804
,
290
77
804
,
290
77
798
,
290
77
798
,
290
77
847
,
288
77
847
,
288
76
877
,
288
76
877
,
288
75
834
,
288
75
840
,
288
75
840
,
288
74
840
,
289
74
840
,
289
73
823
,
290
73
823
,
290
73
784
,
291
73
784
,
291
73
801
,
291
73
809
,
291
73
809
,
291
73
788
,
291
73
788
,
291
73
796
,
291
73
796
,
291
74
835
,
291
74
835
,
291
73
860
,
291
74
827
,
292
74
827
,
292
73
851
,
292
73
851
,
292
75
698
,
291
75
698
,
291
73
1008
,
290
73
1008
,
290
72
816
,
288
72
816
,
288
73
786
,
288
73
740
,
289
73
740
,
289
74
726
,
285
74
726
,
285
75
731
,
285
76
714
,
283
76
714
,
283
77
762
,
283
77
762
,
283
77
822
,
278
77
822
,
278
75
863
,
278
78
691
,
280
78
691
,
280
76
1024
,
280
76
1024
,
280
75
954
,
281
75
954
,
281
76
625
,
282
76
625
,
282
73
998
,
282
73
998
,
282
72
868
,
283
72
868
,
283
71
808
,
283
71
812
,
284
71
812
,
284
71
804
,
283
71
804
,
283
71
837
,
284
71
837
,
284
69
904
,
285
69
904
,
285
70
914
,
285
70
914
,
285
70
970
,
286
70
970
,
286
67
1016
,
286
67
1016
,
286
68
947
,
286
68
947
,
286
67
958
,
287
67
958
,
287
66
935
,
287
66
867
,
287
66
867
,
287
65
861
,
288
65
861
,
288
65
873
,
288
65
873
,
288
66
733
,
288
66
733
,
288
66
995
,
286
66
995
,
286
66
922
,
286
67
839
,
282
67
839
,
282
68
822
,
283
68
822
,
283
69
847
,
279
69
847
,
279
70
859
,
277
70
859
,
277
71
672
,
279
71
672
,
279
70
1063
,
278
70
1063
,
278
69
995
,
278
69
624
,
278
69
624
,
278
69
1046
,
278
69
1046
,
278
69
931
,
279
69
931
,
279
70
659
,
280
70
659
,
280
68
1080
,
281
68
1080
,
281
68
924
,
280
68
924
,
280
68
876
,
280
66
848
,
281
66
848
,
281
68
861
,
281
68
861
,
281
69
880
,
278
69
880
,
278
67
865
,
277
67
865
,
277
68
910
,
276
68
910
,
276
68
956
,
277
68
956
,
277
66
924
,
276
66
924
,
276
67
885
,
273
67
885
,
273
67
893
,
273
68
829
,
273
68
829
,
273
68
853
,
273
68
853
,
273
68
868
,
273
68
868
,
273
68
806
,
273
68
806
,
273
69
810
,
273
69
813
,
271
69
813
,
271
71
779
,
257
71
779
,
257
72
790
,
254
72
790
,
254
73
815
,
254
73
815
,
254
74
799
,
254
74
780
,
259
74
780
,
259
74
819
,
262
74
819
,
262
75
842
,
263
75
842
,
263
74
839
,
264
74
839
,
264
74
879
,
266
74
879
,
266
73
910
,
266
72
906
,
265
72
906
,
265
71
869
,
266
71
869
,
266
70
881
,
267
70
881
,
267
70
880
,
261
70
880
,
261
71
633
,
260
71
633
,
260
69
1023
,
263
69
1023
,
263
69
896
,
263
69
838
,
264
69
838
,
264
69
834
,
265
69
834
,
265
70
818
,
263
70
818
,
263
70
847
,
265
70
847
,
265
70
870
,
266
70
870
,
266
70
886
,
266
70
868
,
267
70
868
,
267
68
909
,
267
68
909
,
267
69
919
,
265
69
919
,
265
69
878
,
267
69
878
,
267
69
846
,
268
69
846
,
268
71
619
,
269
71
619
,
269
69
1046
,
269
69
878
,
270
69
878
,
270
69
803
,
270
69
803
,
270
70
815
,
271
70
815
,
271
70
855
,
271
70
855
,
271
70
875
,
271
73
652
,
270
73
652
,
270
71
1010
,
271
71
1010
,
271
71
1010
,
271
68
1276
,
272
68
1276
,
272
65
969
,
273
65
969
,
273
66
971
,
273
65
940
,
273
65
940
,
273
65
867
,
274
65
867
,
274
65
855
,
274
65
855
,
274
65
847
,
275
65
847
,
275
66
712
,
275
66
712
,
275
64
972
,
276
64
972
,
276
64
898
,
276
69
709
,
276
69
709
,
276
68
1009
,
276
68
1009
,
276
69
901
,
277
69
901
,
277
70
859
,
278
70
859
,
278
70
825
,
278
70
825
,
278
70
848
,
278
70
879
,
279
70
879
,
279
68
860
,
279
68
860
,
279
69
865
,
280
69
865
,
280
70
876
,
281
70
876
,
281
68
871
,
280
68
871
,
280
70
834
,
280
70
828
,
281
70
828
,
281
70
838
,
282
70
838
,
282
70
838
,
282
70
838
,
282
71
817
,
283
71
817
,
283
71
840
,
283
71
840
,
283
71
877
,
283
71
864
,
284
71
864
,
284
71
848
,
285
71
848
,
285
71
880
,
285
71
880
,
285
71
876
,
286
71
876
,
286
71
813
,
286
71
813
,
286
71
802
,
286
71
808
,
287
71
808
,
287
71
809
,
287
71
809
,
287
72
792
,
287
72
792
,
287
72
829
,
288
72
829
,
288
72
867
,
288
72
860
,
288
72
860
,
288
72
846
,
289
72
846
,
289
72
865
,
289
72
865
,
289
72
863
,
289
72
863
,
289
72
815
,
290
72
815
,
290
72
818
,
290
72
826
,
289
72
826
,
289
71
806
,
290
71
806
,
290
72
781
,
291
72
781
,
291
72
806
,
291
72
806
,
291
73
833
,
291
73
846
,
292
73
846
,
292
73
833
,
292
73
833
,
292
73
839
,
292
73
839
,
292
73
844
,
293
73
844
,
293
73
838
,
293
73
820
,
293
73
820
,
293
72
841
,
293
72
841
,
293
72
849
,
293
72
849
,
293
72
846
,
293
72
846
,
293
72
814
,
294
72
814
,
294
72
827
,
294
72
840
,
294
72
840
,
294
72
847
,
294
72
847
,
294
72
826
,
295
72
826
,
295
74
604
,
295
74
604
,
295
72
1008
,
295
72
1008
,
295
72
887
,
295
74
595
,
296
74
595
,
296
74
858
,
296
74
858
,
296
74
785
,
296
75
750
,
296
75
750
,
296
75
871
,
296
75
871
,
296
74
964
,
296
74
964
,
296
72
973
,
296
72
973
,
296
69
1033
,
297
69
1033
,
297
68
1052
,
297
68
1052
,
297
68
978
,
296
68
978
,
296
65
953
,
297
65
953
,
297
65
939
,
296
65
939
,
296
64
878
,
296
64
878
,
296
64
672
,
296
64
672
,
296
63
1045
,
296
63
940
,
295
63
940
,
295
64
816
,
296
64
816
,
296
66
822
,
296
66
822
,
296
68
835
,
296
68
835
,
296
70
632
,
296
70
632
,
296
70
1000
,
296
70
955
,
297
70
955
,
297
70
849
,
296
70
849
,
296
69
817
,
297
69
817
,
297
71
828
,
297
71
828
,
297
71
846
,
297
71
846
,
297
71
836
,
297
71
813
,
297
71
813
,
297
71
823
,
298
71
823
,
298
70
784
,
298
70
784
,
298
72
750
,
298
74
756
,
298
74
756
,
298
75
755
,
298
75
755
,
298
75
773
,
298
75
773
,
298
75
824
,
298
75
824
,
298
75
874
,
298
75
865
,
299
75
865
,
299
74
915
,
299
74
915
,
299
73
939
,
299
73
939
,
299
72
901
,
299
72
901
,
299
71
848
,
299
71
848
,
299
70
846
,
300
70
846
,
300
69
853
,
300
69
853
,
300
69
849
,
300
69
861
,
300
69
861
,
300
68
891
,
300
68
891
,
300
68
896
,
300
68
896
,
300
69
866
,
300
69
866
,
300
69
879
,
300
69
879
,
300
69
894
,
300
69
894
,
300
69
879
,
300
69
826
,
300
69
826
,
300
69
837
,
300
69
837
,
300
69
848
,
301
69
848
,
301
69
829
,
302
69
829
,
302
70
810
,
302
71
832
,
301
71
832
,
301
71
835
,
301
71
835
,
301
73
651
,
301
73
651
,
301
72
988
,
301
72
988
,
301
72
926
,
301
72
926
,
301
71
874
,
301
71
874
,
301
71
862
,
301
71
850
,
302
71
850
,
302
70
883
,
302
70
883
,
302
71
761
,
302
71
761
,
302
69
1045
,
302
69
1045
,
302
68
933
,
302
68
689
,
302
68
689
,
302
68
1047
,
302
68
1047
,
302
68
843
,
302
68
843
,
302
70
618
,
302
70
618
,
302
70
886
,
302
70
886
,
302
70
839
,
302
71
828
,
302
71
828
,
302
70
896
,
302
70
896
,
302
70
982
,
302
70
982
,
302
69
1025
,
303
69
1025
,
303
67
983
,
303
67
983
,
303
68
987
,
302
68
987
,
302
66
993
,
303
66
993
,
303
64
942
,
303
64
942
,
303
64
901
,
303
64
901
,
303
63
917
,
303
63
917
,
303
63
925
,
303
63
925
,
303
63
900
,
303
63
883
,
303
63
883
,
303
64
878
,
303
64
878
,
303
66
739
,
302
66
739
,
302
66
1068
,
303
66
1068
,
303
66
976
,
303
66
976
,
303
68
694
,
304
68
694
,
304
67
1036
,
304
67
1036
,
304
66
1024
,
303
66
1024
,
303
67
758
,
303
67
758
,
303
66
1042
,
303
66
937
,
304
66
937
,
304
66
876
,
304
66
876
,
304
65
848
,
304
65
848
,
304
66
857
,
304
66
857
,
304
67
914
,
304
67
914
,
304
65
976
,
304
65
976
,
304
65
972
,
304
65
972
,
304
66
931
,
304
66
931
,
304
65
910
,
305
65
910
,
305
66
922
,
305
66
862
,
304
66
862
,
304
66
872
,
305
66
872
,
305
66
905
,
304
66
905
,
304
65
908
,
304
65
908
,
304
66
875
,
304
66
875
,
304
66
895
,
304
67
903
,
305
67
903
,
305
67
867
,
305
67
867
,
305
68
849
,
305
68
849
,
305
68
870
,
305
68
870
,
305
68
877
,
305
68
877
,
305
68
866
,
305
68
866
,
305
69
844
,
305
69
868
,
305
69
868
,
305
71
656
,
305
71
656
,
305
70
988
,
305
70
988
,
305
69
960
,
305
69
960
,
305
70
831
,
305
70
831
,
305
70
794
,
305
71
809
,
306
71
809
,
306
71
825
,
305
71
825
,
305
71
844
,
305
71
844
,
305
71
834
,
305
71
834
,
305
71
855
,
305
71
855
,
305
70
887
,
305
71
868
,
305
71
868
,
305
71
870
,
305
71
870
,
305
71
878
,
305
71
878
,
305
71
834
,
305
71
834
,
305
70
855
,
306
70
855
,
306
70
847
,
306
70
812
,
305
70
812
,
305
70
841
,
305
70
841
,
305
70
823
,
305
70
823
,
305
73
607
,
305
73
607
,
305
71
1056
,
305
71
1056
,
305
71
938
,
305
71
830
,
306
71
830
,
306
71
841
,
305
71
841
,
305
71
823
,
305
71
823
,
305
72
801
,
305
72
801
,
305
72
798
,
305
73
723
,
303
73
723
,
303
74
711
,
304
74
711
,
304
73
726
,
304
76
705
,
302
76
705
,
302
78
702
,
304
78
702
,
304
79
720
,
303
79
720
,
303
81
738
,
303
81
756
,
303
81
756
,
303
83
622
,
303
83
622
,
303
82
913
,
303
81
835
,
302
81
835
,
302
81
700
,
303
81
700
,
303
80
835
,
303
80
835
,
303
79
801
,
303
78
795
,
303
78
795
,
303
77
793
,
303
77
793
,
303
76
833
,
303
76
833
,
303
75
885
,
303
75
885
,
303
72
909
,
303
72
909
,
303
73
888
,
303
73
888
,
303
72
924
,
304
72
924
,
304
70
935
,
304
70
865
,
304
70
865
,
304
69
868
,
304
69
868
,
304
68
868
,
304
68
868
,
304
68
858
,
304
68
858
,
304
68
820
,
304
68
820
,
304
68
848
,
304
69
872
,
304
69
872
,
304
69
837
,
304
69
837
,
304
70
795
,
304
70
795
,
304
71
841
,
304
71
841
,
304
71
866
,
304
71
866
,
304
71
867
,
304
71
824
,
304
71
824
,
304
71
849
,
305
71
849
,
305
71
863
,
304
71
863
,
304
71
840
,
305
71
840
,
305
71
828
,
305
71
828
,
305
71
848
,
305
71
862
,
305
71
862
,
305
71
831
,
304
71
831
,
304
71
815
,
305
71
815
,
305
72
824
,
305
72
824
,
305
72
827
,
305
72
789
,
305
72
789
,
305
73
810
,
305
73
810
,
305
73
827
,
305
73
827
,
305
73
835
,
305
73
835
,
305
73
800
,
305
74
801
,
305
74
801
,
305
74
835
,
305
74
835
,
305
73
856
,
306
73
856
,
306
73
828
,
305
73
828
,
305
74
764
,
305
74
793
,
306
74
793
,
306
74
791
,
305
74
791
,
305
74
796
,
305
74
796
,
305
75
781
,
305
75
781
,
305
74
811
,
305
74
836
,
305
74
836
,
305
74
821
,
305
74
821
,
305
75
832
,
304
75
832
,
304
74
864
,
303
74
864
,
303
73
862
,
302
73
862
,
302
73
822
,
302
73
846
,
303
73
846
,
303
72
859
,
303
72
859
,
303
71
852
,
304
71
852
,
304
71
819
,
304
73
619
,
303
73
619
,
303
71
1066
,
304
71
1066
,
304
70
922
,
303
70
922
,
303
71
814
,
303
71
814
,
303
71
832
,
303
71
832
,
303
71
851
,
302
71
851
,
302
71
854
,
302
71
851
,
303
71
851
,
303
70
905
,
303
70
905
,
303
70
919
,
303
70
919
,
303
67
899
,
303
67
899
,
303
69
892
,
301
69
892
,
301
69
867
,
298
69
867
,
298
69
829
,
298
69
819
,
299
69
819
,
299
69
854
,
299
69
854
,
299
70
730
,
301
70
730
,
301
69
981
,
300
69
981
,
300
68
1037
,
302
68
1037
,
302
70
638
,
301
70
638
,
301
70
964
,
301
70
964
,
301
68
1060
,
301
68
855
,
301
68
855
,
301
68
855
,
301
68
855
,
301
68
853
,
300
68
853
,
300
70
638
,
301
70
638
,
301
67
1008
,
301
67
1008
,
301
67
1071
,
301
68
909
,
301
68
909
,
301
66
885
,
301
66
885
,
301
66
903
,
301
66
903
,
301
67
924
,
301
67
924
,
301
67
868
,
301
67
868
,
301
67
853
,
302
67
853
,
302
67
866
,
302
67
866
,
302
66
873
,
302
67
840
,
301
67
840
,
301
70
620
,
302
70
620
,
302
70
993
,
301
70
993
,
301
68
1026
,
302
68
1026
,
302
69
814
,
302
69
814
,
302
70
805
,
302
71
808
,
302
71
808
,
302
71
817
,
302
71
817
,
302
71
800
,
301
71
800
,
301
72
819
,
302
72
819
,
302
72
852
,
302
70
874
,
302
70
874
,
302
71
847
,
301
71
847
,
301
73
837
,
301
73
837
,
301
72
848
,
301
72
848
,
301
72
833
,
302
72
833
,
302
72
803
,
302
72
785
,
302
72
785
,
302
72
799
,
301
72
799
,
301
72
843
,
302
72
843
,
302
72
880
,
302
72
880
,
302
72
845
,
301
72
845
,
301
72
868
,
301
71
970
,
301
71
970
,
301
71
772
,
301
71
772
,
301
71
837
,
298
71
837
,
298
71
838
,
296
71
838
,
296
71
803
,
296
71
786
,
296
71
786
,
296
72
757
,
296
72
757
,
296
73
748
,
297
73
748
,
297
74
778
,
297
74
766
,
298
74
766
,
298
77
726
,
298
77
726
,
298
76
825
,
298
76
825
,
298
76
854
,
298
77
786
,
298
77
786
,
298
77
797
,
298
77
797
,
298
76
811
,
299
76
811
,
299
76
843
,
299
76
843
,
299
75
837
,
298
75
837
,
298
74
846
,
298
73
886
,
299
73
886
,
299
71
909
,
299
71
909
,
299
71
896
,
299
71
896
,
299
71
884
,
300
71
884
,
300
70
905
,
299
70
905
,
299
69
902
,
300
69
902
,
300
68
864
,
300
68
846
,
299
68
846
,
299
68
853
,
299
68
853
,
299
68
853
,
300
68
853
,
300
70
661
,
300
70
661
,
300
69
1000
,
300
69
1000
,
300
69
970
,
301
69
970
,
301
69
894
,
301
69
857
,
301
69
857
,
301
70
806
,
301
70
806
,
301
71
764
,
301
71
764
,
301
70
891
,
301
70
891
,
301
70
868
,
300
70
868
,
300
70
862
,
300
68
894
,
301
68
894
,
301
69
901
,
302
69
901
,
302
70
892
,
301
70
892
,
301
70
888
,
301
70
888
,
301
69
918
,
301
69
918
,
301
69
815
,
301
69
815
,
301
69
804
,
301
69
801
,
302
69
801
,
302
70
821
,
301
70
821
,
301
70
806
,
302
70
806
,
302
71
814
,
302
71
814
,
302
71
839
,
302
72
845
,
301
72
845
,
301
73
812
,
302
73
812
,
302
73
834
,
302
73
834
,
302
73
843
,
302
73
843
,
302
73
838
,
302
73
799
,
301
73
799
,
301
73
805
,
301
73
805
,
301
73
800
,
302
73
800
,
302
75
635
,
302
75
635
,
302
74
948
,
302
73
866
,
301
73
866
,
301
73
814
,
302
73
814
,
302
74
813
,
302
74
813
,
302
74
820
,
302
76
644
,
302
76
644
,
302
74
1006
,
302
74
1006
,
302
72
1009
,
302
72
1009
,
302
71
846
,
302
71
846
,
302
70
856
,
302
70
856
,
302
70
858
,
302
70
858
,
302
71
823
,
302
71
823
,
302
71
798
,
302
71
833
,
302
71
833
,
302
72
693
,
303
72
693
,
303
69
994
,
302
69
994
,
302
68
1081
,
302
68
1081
,
302
69
906
,
302
69
906
,
302
69
908
,
302
69
908
,
302
68
875
,
302
68
875
,
302
68
862
,
302
68
884
,
302
68
884
,
302
67
903
,
302
67
903
,
302
67
894
,
302
67
894
,
302
65
867
,
303
65
867
,
303
66
876
,
302
66
876
,
302
68
870
,
301
68
870
,
301
68
853
,
301
69
819
,
301
69
819
,
301
69
833
,
301
69
833
,
301
69
857
,
302
69
857
,
302
70
853
,
301
70
853
,
301
70
836
,
301
70
836
,
301
70
849
,
301
70
871
,
301
70
871
,
301
70
888
,
301
70
888
,
301
70
856
,
301
70
856
,
301
70
861
,
301
70
861
,
301
70
862
,
301
70
862
,
301
70
819
,
301
71
815
,
301
71
815
,
301
71
836
,
302
71
836
,
302
71
829
,
302
71
829
,
302
71
798
,
301
71
798
,
301
71
837
,
301
72
863
,
302
72
863
,
302
71
877
,
301
71
877
,
301
71
870
,
301
71
870
,
301
71
887
,
301
71
887
,
301
71
877
,
302
71
877
,
302
71
831
,
302
71
831
,
302
71
829
,
302
70
844
,
302
70
844
,
302
70
829
,
302
70
829
,
302
70
826
,
302
70
826
,
302
70
854
,
302
70
854
,
302
71
861
,
301
71
861
,
301
71
845
,
301
71
864
,
302
71
864
,
302
71
872
,
302
71
872
,
302
71
831
,
302
71
831
,
302
71
840
,
302
71
840
,
302
72
716
,
303
72
716
,
303
71
977
,
303
70
883
,
302
70
883
,
302
71
715
,
302
71
715
,
302
70
988
,
303
70
988
,
303
70
878
,
302
70
878
,
302
71
716
,
303
71
716
,
303
70
970
,
303
70
865
,
303
70
865
,
303
71
725
,
303
71
725
,
303
69
920
,
303
69
920
,
303
70
911
,
303
70
911
,
303
70
873
,
303
70
873
,
303
69
882
,
302
69
882
,
302
69
918
,
302
69
918
,
302
69
906
,
302
68
855
,
303
68
855
,
303
69
859
,
303
69
859
,
303
69
850
,
303
69
850
,
303
68
810
,
303
68
810
,
303
69
819
,
303
71
736
,
303
71
736
,
303
70
968
,
303
70
968
,
303
70
869
,
303
70
869
,
303
71
831
,
303
71
831
,
303
71
835
,
303
71
835
,
303
71
830
,
303
72
816
,
303
72
816
,
303
72
833
,
304
72
833
,
304
72
849
,
303
72
849
,
303
71
832
,
303
71
832
,
303
71
839
,
303
71
839
,
303
71
863
,
303
72
841
,
303
72
841
,
303
72
810
,
303
72
810
,
303
72
824
,
303
72
824
,
303
72
830
,
303
72
830
,
303
72
813
,
303
73
734
,
303
73
734
,
303
72
899
,
303
72
899
,
303
72
841
,
303
72
841
,
303
73
727
,
303
73
727
,
303
74
844
,
303
74
830
,
303
74
830
,
303
74
802
,
303
74
802
,
303
74
795
,
303
74
795
,
303
74
810
,
303
74
810
,
303
74
827
,
303
75
593
,
303
75
593
,
303
75
928
,
303
75
928
,
303
74
985
,
303
74
985
,
303
73
812
,
303
73
812
,
303
74
776
,
303
74
779
,
303
74
779
,
303
74
791
,
303
74
791
,
303
74
825
,
303
74
825
,
303
73
850
,
303
73
850
,
303
73
864
,
303
73
864
,
303
70
906
,
303
70
943
,
303
70
943
,
303
71
905
,
303
71
905
,
303
70
876
,
303
70
876
,
303
70
884
,
302
70
884
,
302
69
861
,
303
69
861
,
303
69
822
,
303
69
824
,
303
69
824
,
303
69
830
,
303
69
830
,
303
69
821
,
303
69
821
,
303
70
805
,
302
70
805
,
302
71
829
,
302
71
862
,
303
71
862
,
303
72
852
,
302
72
852
,
302
72
814
,
302
72
814
,
302
72
822
,
301
72
822
,
301
72
828
,
301
72
814
,
301
72
814
,
301
73
798
,
302
73
798
,
302
73
804
,
301
73
804
,
301
73
811
,
301
73
811
,
301
73
791
,
301
74
781
,
302
74
781
,
302
74
803
,
302
74
803
,
302
74
818
,
302
74
818
,
302
74
807
,
302
74
807
,
302
75
799
,
302
75
822
,
301
75
822
,
301
74
847
,
302
74
847
,
302
74
845
,
302
74
845
,
302
74
842
,
302
74
842
,
302
73
871
,
303
73
871
,
303
72
873
,
303
72
841
,
302
72
841
,
302
72
838
,
302
72
838
,
302
71
866
,
302
71
866
,
302
70
868
,
302
70
868
,
302
70
844
,
302
70
844
,
302
70
847
,
302
70
852
,
302
70
852
,
302
70
855
,
302
70
855
,
302
70
827
,
303
70
827
,
303
71
839
,
302
71
839
,
302
71
860
,
302
71
860
,
302
70
853
,
302
71
834
,
303
71
834
,
303
71
849
,
302
71
849
,
302
71
871
,
302
71
871
,
302
71
863
,
302
71
863
,
302
71
839
,
303
71
839
,
303
71
859
,
303
70
866
,
303
70
866
,
303
70
855
,
302
70
855
,
302
71
818
,
302
71
818
,
302
71
817
,
302
71
817
,
302
71
840
,
303
71
840
,
303
71
859
,
303
71
809
,
302
71
809
,
302
72
817
,
302
72
817
,
302
72
802
,
302
72
802
,
302
72
806
,
302
72
806
,
302
73
826
,
302
73
843
,
302
73
843
,
302
73
852
,
302
73
852
,
302
72
832
,
302
72
832
,
302
72
858
,
302
72
858
,
302
72
877
,
302
72
877
,
302
72
849
,
302
71
865
,
301
71
865
,
301
71
885
,
302
71
885
,
302
70
849
,
302
70
849
,
302
70
831
,
302
70
831
,
302
70
846
,
302
70
846
,
302
70
869
,
302
70
869
,
302
70
861
,
302
70
849
,
302
70
849
,
302
70
868
,
302
70
868
,
302
70
884
,
302
70
884
,
302
70
850
,
302
70
850
,
302
70
849
,
302
72
643
,
302
72
643
,
302
71
989
,
302
71
989
,
302
69
1052
,
301
69
1052
,
301
69
848
,
301
69
848
,
301
70
799
,
302
70
799
,
302
70
805
,
301
70
805
,
301
71
782
,
301
71
824
,
301
71
824
,
301
72
758
,
301
72
758
,
301
72
805
,
300
72
805
,
300
71
803
,
300
73
755
,
295
73
755
,
295
75
789
,
290
75
789
,
290
76
824
,
290
76
824
,
290
76
784
,
291
76
784
,
291
76
819
,
291
77
631
,
288
77
631
,
288
77
820
,
284
77
820
,
284
77
764
,
284
78
696
,
283
78
696
,
283
79
711
,
286
79
711
,
286
80
667
,
285
80
667
,
285
81
723
,
285
82
744
,
286
82
744
,
286
82
704
,
286
82
704
,
286
83
753
,
286
82
769
,
282
82
769
,
282
82
790
,
283
82
790
,
283
82
792
,
282
82
792
,
282
80
807
,
283
80
807
,
283
79
838
,
283
79
631
,
284
79
631
,
284
78
891
,
284
78
891
,
284
76
965
,
285
76
965
,
285
75
794
,
284
75
794
,
284
74
804
,
284
74
772
,
284
74
772
,
284
75
738
,
286
75
738
,
286
75
755
,
286
77
614
,
285
77
614
,
285
77
844
,
286
77
844
,
286
75
807
,
286
75
807
,
286
76
813
,
282
76
813
,
282
77
874
,
283
77
874
,
283
76
919
,
283
76
919
,
283
74
966
,
282
74
966
,
282
72
959
,
282
71
887
,
282
71
887
,
282
70
913
,
282
70
913
,
282
68
855
,
282
68
855
,
282
69
692
,
282
69
692
,
282
67
1063
,
281
67
1063
,
281
66
936
,
279
66
936
,
279
66
857
,
279
67
866
,
278
67
866
,
278
68
849
,
279
68
849
,
279
68
888
,
280
68
888
,
280
68
939
,
280
68
939
,
280
67
962
,
280
67
962
,
280
67
904
,
279
67
904
,
279
65
936
,
278
65
936
,
278
66
959
,
279
66
959
,
279
66
936
,
280
66
936
,
280
66
841
,
280
67
737
,
280
67
737
,
280
68
777
,
278
68
777
,
278
69
718
,
278
70
746
,
275
70
746
,
275
72
735
,
272
72
735
,
272
74
756
,
271
74
756
,
271
74
889
,
271
74
889
,
271
74
1008
,
272
74
1008
,
272
73
1009
,
273
73
1009
,
273
72
997
,
273
72
997
,
273
69
1010
,
274
69
1010
,
274
68
967
,
272
68
967
,
272
67
901
,
272
65
892
,
267
65
892
,
267
64
874
,
265
64
874
,
265
63
904
,
266
63
904
,
266
63
896
,
263
63
896
,
263
64
908
,
255
64
908
,
255
65
904
,
255
65
904
,
255
66
872
,
250
66
872
,
250
67
870
,
250
68
861
,
247
68
861
,
247
68
879
,
249
68
879
,
249
68
887
,
248
68
887
,
248
68
820
,
246
68
820
,
246
69
856
,
246
69
817
,
247
69
817
,
247
70
775
,
247
70
775
,
247
71
798
,
249
71
798
,
249
72
816
,
250
72
816
,
250
72
848
,
251
72
848
,
251
72
868
,
251
72
825
,
252
72
825
,
252
73
800
,
253
73
800
,
253
75
640
,
253
75
640
,
253
74
946
,
253
74
841
,
253
74
841
,
253
74
752
,
254
74
752
,
254
74
740
,
255
74
740
,
255
75
749
,
255
75
797
,
255
75
797
,
255
75
878
,
255
75
878
,
255
74
944
,
256
74
944
,
256
73
918
,
256
73
918
,
256
71
878
,
255
71
878
,
255
72
882
,
256
72
882
,
256
71
876
,
256
71
848
,
256
71
848
,
256
70
817
,
257
70
817
,
257
69
848
,
257
69
848
,
257
68
881
,
255
68
881
,
255
68
929
,
256
68
929
,
256
70
659
,
257
70
659
,
257
69
1094
,
258
69
1094
,
258
68
963
,
258
70
613
,
258
70
613
,
258
70
966
,
259
70
966
,
259
70
842
,
260
70
842
,
260
71
647
,
260
71
809
,
260
71
809
,
260
72
783
,
260
72
783
,
260
74
770
,
260
74
770
,
260
72
886
,
260
72
886
,
260
72
1015
,
260
72
1015
,
260
72
954
,
261
72
954
,
261
69
1009
,
262
69
1009
,
262
68
1045
,
262
68
1045
,
262
68
963
,
263
68
963
,
263
66
900
,
263
65
872
,
263
65
872
,
263
65
854
,
263
65
854
,
263
64
814
,
263
64
814
,
263
65
803
,
262
65
803
,
262
66
835
,
262
67
870
,
263
67
870
,
263
68
874
,
262
68
874
,
262
70
811
,
263
70
811
,
263
71
799
,
262
71
799
,
262
72
796
,
262
73
762
,
261
73
762
,
261
74
734
,
253
74
734
,
253
75
715
,
253
76
701
,
249
76
701
,
249
77
690
,
250
77
690
,
250
79
678
,
250
82
670
,
251
82
670
,
251
83
660
,
252
83
660
,
252
85
665
,
252
86
692
,
249
86
692
,
249
86
780
,
241
86
780
,
241
84
861
,
242
84
861
,
242
83
850
,
244
83
850
,
244
81
869
,
244
79
887
,
241
79
887
,
241
77
863
,
242
77
863
,
242
76
815
,
244
76
815
,
244
74
834
,
245
74
834
,
245
72
862
,
246
72
862
,
246
71
876
,
246
70
865
,
247
70
865
,
247
70
882
,
248
70
882
,
248
69
929
,
247
69
929
,
247
69
928
,
246
69
928
,
246
69
858
,
246
69
858
,
246
69
876
,
247
69
876
,
247
68
886
,
248
68
886
,
248
68
885
,
248
68
836
,
248
68
836
,
248
68
856
,
250
68
856
,
250
68
909
,
250
68
909
,
250
67
943
,
251
67
943
,
251
68
873
,
251
68
873
,
251
68
872
,
252
68
872
,
252
68
870
,
252
68
870
,
252
68
842
,
252
69
834
,
254
69
834
,
254
69
878
,
254
69
878
,
254
68
898
,
254
68
898
,
254
68
856
,
255
68
856
,
255
69
862
,
256
69
862
,
256
69
877
,
256
69
860
,
256
69
860
,
256
70
810
,
257
70
810
,
257
72
621
,
258
72
621
,
258
71
963
,
258
71
963
,
258
70
959
,
259
70
959
,
259
71
795
,
259
72
763
,
259
72
763
,
259
72
773
,
258
72
773
,
258
73
779
,
258
73
779
,
258
74
745
,
258
75
756
,
259
75
756
,
259
76
728
,
258
76
728
,
258
75
719
,
258
77
725
,
256
77
725
,
256
80
713
,
257
80
713
,
257
81
694
,
257
81
694
,
257
82
712
,
257
82
709
,
257
82
709
,
257
83
738
,
255
83
738
,
255
82
809
,
255
82
809
,
255
81
891
,
255
79
877
,
255
79
877
,
255
77
901
,
255
77
901
,
255
75
955
,
255
75
955
,
255
73
938
,
255
73
938
,
255
71
869
,
256
71
869
,
256
70
829
,
256
70
829
,
256
69
845
,
256
70
714
,
257
70
714
,
257
68
983
,
258
68
983
,
258
68
972
,
256
68
972
,
256
69
712
,
256
69
712
,
256
67
1074
,
256
67
1074
,
256
68
913
,
256
68
913
,
256
68
871
,
256
68
871
,
256
68
912
,
256
67
894
,
256
67
894
,
256
67
879
,
256
67
879
,
256
66
892
,
251
66
892
,
251
67
840
,
250
67
840
,
250
68
795
,
251
68
795
,
251
68
760
,
251
70
770
,
252
70
770
,
252
71
789
,
251
71
789
,
251
72
833
,
252
72
833
,
252
72
827
,
252
72
827
,
252
73
845
,
252
73
893
,
253
73
893
,
253
72
938
,
253
72
938
,
253
72
914
,
254
72
914
,
254
71
895
,
255
71
895
,
255
70
898
,
256
70
898
,
256
71
625
,
256
71
625
,
256
70
944
,
256
70
944
,
256
69
946
,
256
69
830
,
257
69
830
,
257
69
846
,
257
69
846
,
257
69
814
,
258
69
814
,
258
70
843
,
258
70
843
,
258
70
902
,
260
70
902
,
260
70
945
,
259
70
945
,
259
70
914
,
260
70
914
,
260
67
958
,
260
67
967
,
261
67
967
,
261
68
862
,
261
68
862
,
261
67
852
,
260
67
852
,
260
69
640
,
258
69
640
,
258
69
866
,
257
69
866
,
257
67
1070
,
257
68
812
,
255
68
812
,
255
68
834
,
250
68
834
,
250
69
839
,
247
69
839
,
247
69
897
,
248
69
897
,
248
70
921
,
248
70
921
,
248
69
930
,
248
69
930
,
248
69
944
,
246
69
944
,
246
66
936
,
246
68
615
,
246
68
615
,
246
68
1087
,
244
68
1087
,
244
67
953
,
244
67
953
,
244
67
862
,
246
67
862
,
246
67
824
,
247
67
824
,
247
67
841
,
248
67
841
,
248
68
877
,
248
68
890
,
248
68
890
,
248
68
887
,
249
68
887
,
249
68
940
,
250
68
940
,
250
66
964
,
250
66
964
,
250
67
914
,
251
67
914
,
251
68
885
,
249
68
885
,
249
68
860
,
248
68
860
,
248
68
822
,
248
68
773
,
250
68
773
,
250
69
779
,
250
69
779
,
250
70
791
,
249
70
791
,
249
70
792
,
249
72
790
,
247
72
790
,
247
73
790
,
246
73
790
,
246
74
789
,
244
74
789
,
244
77
634
,
244
76
907
,
246
76
907
,
246
76
829
,
246
76
829
,
246
77
657
,
246
77
657
,
246
77
784
,
246
78
739
,
248
78
739
,
248
79
712
,
248
79
712
,
248
80
655
,
248
81
687
,
249
81
687
,
249
82
705
,
250
82
705
,
250
80
821
,
248
80
821
,
248
80
906
,
249
80
906
,
249
79
913
,
250
79
913
,
250
76
943
,
250
76
943
,
250
75
960
,
251
75
960
,
251
73
952
,
251
71
872
,
251
71
872
,
251
70
852
,
252
70
852
,
252
68
871
,
253
68
871
,
253
67
907
,
254
67
907
,
254
66
877
,
254
68
630
,
254
68
630
,
254
67
1067
,
255
67
1067
,
255
67
1067
,
255
66
1144
,
255
66
931
,
255
66
931
,
255
66
905
,
256
66
905
,
256
66
926
,
256
66
926
,
256
65
919
,
257
65
919
,
257
65
861
,
257
65
861
,
257
66
880
,
257
66
880
,
257
65
916
,
257
65
652
,
258
65
652
,
258
65
1085
,
258
65
1085
,
258
66
975
,
258
66
975
,
258
66
905
,
259
66
905
,
259
67
888
,
259
67
888
,
259
67
825
,
260
67
825
,
260
68
820
,
260
68
820
,
260
68
842
,
260
68
842
,
260
68
859
,
260
69
842
,
261
69
842
,
261
67
901
,
262
67
901
,
262
68
960
,
262
68
960
,
262
68
932
,
262
68
932
,
262
69
884
,
262
69
884
,
262
68
899
,
263
68
899
,
263
68
897
,
263
68
897
,
263
68
844
,
263
69
650
,
264
69
650
,
264
68
1025
,
264
68
1025
,
264
67
930
,
264
67
930
,
264
68
853
,
264
68
853
,
264
69
815
,
264
69
815
,
264
70
829
,
264
70
846
,
265
70
846
,
265
70
862
,
266
70
862
,
266
71
835
,
266
71
835
,
266
71
864
,
266
71
864
,
266
69
887
,
266
72
645
,
267
72
645
,
267
71
1049
,
267
71
1049
,
267
70
940
,
267
70
940
,
267
70
865
,
267
70
865
,
267
70
828
,
268
70
828
,
268
70
780
,
268
70
780
,
268
71
801
,
268
71
825
,
267
71
825
,
267
71
864
,
266
71
864
,
266
70
916
,
266
70
916
,
266
68
994
,
266
68
994
,
266
68
957
,
266
68
957
,
266
69
900
,
266
69
900
,
266
68
903
,
267
68
903
,
267
68
897
,
267
68
897
,
267
67
848
,
267
67
829
,
267
67
829
,
267
67
848
,
267
67
848
,
267
67
852
,
268
67
852
,
268
68
822
,
268
68
822
,
268
69
830
,
268
70
842
,
269
70
842
,
269
71
827
,
269
71
827
,
269
72
796
,
270
72
796
,
270
72
820
,
270
72
820
,
270
72
839
,
270
72
839
,
270
72
842
,
270
72
819
,
270
72
819
,
270
73
834
,
270
73
834
,
270
72
842
,
271
72
842
,
271
72
849
,
271
72
849
,
271
72
841
,
271
72
841
,
271
72
862
,
271
71
871
,
271
71
871
,
271
73
627
,
272
73
627
,
272
72
997
,
272
72
997
,
272
71
913
,
272
71
913
,
272
71
827
,
272
71
830
,
273
71
830
,
273
71
848
,
272
71
848
,
272
71
846
,
273
71
846
,
273
71
834
,
273
71
834
,
273
71
873
,
273
71
873
,
273
70
935
,
274
70
935
,
274
68
939
,
274
68
920
,
273
68
920
,
273
68
959
,
274
68
959
,
274
67
954
,
273
67
954
,
273
67
883
,
274
67
883
,
274
66
897
,
275
66
897
,
275
66
890
,
275
66
890
,
275
68
620
,
275
68
620
,
275
67
1010
,
275
67
905
,
275
67
905
,
275
68
828
,
275
68
828
,
275
69
809
,
275
69
809
,
275
70
799
,
275
70
799
,
275
71
837
,
275
71
837
,
275
71
897
,
275
70
929
,
277
70
929
,
277
70
951
,
276
70
951
,
276
67
995
,
276
67
995
,
276
67
979
,
276
67
979
,
276
67
925
,
276
67
925
,
276
66
922
,
277
66
922
,
277
66
918
,
276
66
918
,
276
66
745
,
277
66
745
,
277
65
985
,
277
65
902
,
277
65
902
,
277
65
844
,
277
65
844
,
277
66
832
,
277
66
832
,
277
68
826
,
277
68
826
,
277
68
869
,
277
68
869
,
277
69
911
,
278
69
911
,
278
69
895
,
278
69
882
,
278
69
882
,
278
68
901
,
278
68
901
,
278
71
645
,
278
71
645
,
278
69
1065
,
278
69
1065
,
278
69
931
,
278
69
931
,
278
68
861
,
277
68
861
,
277
68
858
,
277
68
835
,
277
68
835
,
277
69
842
,
277
69
842
,
277
69
881
,
277
69
881
,
277
69
923
,
277
69
923
,
277
71
656
,
277
71
656
,
277
67
1119
,
278
67
1119
,
278
67
1004
,
277
67
1004
,
277
67
941
,
277
67
941
,
277
67
897
,
277
67
861
,
278
67
861
,
278
68
679
,
277
68
679
,
277
68
927
,
277
68
927
,
277
67
883
,
277
67
883
,
277
69
765
,
277
69
765
,
277
67
912
,
277
69
881
,
278
69
881
,
278
70
850
,
278
70
850
,
278
71
808
,
278
71
808
,
278
73
689
,
278
73
689
,
278
72
886
,
278
71
862
,
278
71
862
,
278
72
832
,
278
72
832
,
278
72
831
,
278
72
831
,
278
71
863
,
278
71
863
,
278
72
889
,
278
72
889
,
278
72
876
,
278
72
876
,
278
72
848
,
278
71
845
,
278
71
845
,
278
70
828
,
278
70
828
,
278
71
800
,
278
71
800
,
278
71
806
,
278
73
677
,
278
73
677
,
278
71
997
,
279
71
997
,
279
71
902
,
278
71
902
,
278
71
858
,
279
71
858
,
279
71
868
,
278
71
868
,
278
71
844
,
279
71
844
,
279
71
817
,
279
71
837
,
279
71
837
,
279
71
858
,
279
71
858
,
279
70
871
,
279
70
871
,
279
69
830
,
279
72
625
,
279
72
625
,
279
72
934
,
279
72
934
,
279
71
1016
,
279
71
1016
,
279
71
814
,
279
71
814
,
279
71
806
,
279
71
806
,
279
71
812
,
279
71
830
,
280
71
830
,
280
72
835
,
280
72
835
,
280
73
678
,
280
73
678
,
280
71
1042
,
280
71
1042
,
280
69
920
,
280
69
920
,
280
70
828
,
280
70
828
,
280
71
841
,
280
71
850
,
279
71
850
,
279
71
824
,
279
71
824
,
279
71
822
,
280
71
822
,
280
71
839
,
280
72
662
,
280
72
662
,
280
69
1015
,
280
69
1015
,
280
71
905
,
281
71
905
,
281
71
838
,
280
71
838
,
280
71
810
,
280
71
810
,
280
72
786
,
280
72
786
,
280
72
809
,
280
72
837
,
280
72
837
,
280
72
852
,
281
72
852
,
281
72
850
,
281
72
850
,
281
70
879
,
280
70
879
,
280
71
911
,
280
71
911
,
280
71
887
,
280
71
856
,
281
71
856
,
281
70
872
,
280
70
872
,
280
69
885
,
281
69
885
,
281
69
876
,
281
69
876
,
281
69
845
,
280
69
845
,
280
69
865
,
281
69
865
,
281
69
871
,
281
69
860
,
281
69
860
,
281
71
642
,
281
71
642
,
281
70
969
,
281
70
969
,
281
69
957
,
281
69
957
,
281
70
831
,
281
70
831
,
281
70
814
,
281
71
834
,
281
71
834
,
281
71
799
,
281
71
799
,
281
71
832
,
282
71
832
,
282
72
821
,
282
72
821
,
282
72
835
,
282
70
865
,
281
70
865
,
281
71
897
,
281
71
897
,
281
71
872
,
281
71
872
,
281
71
881
,
281
71
881
,
281
70
897
,
281
70
897
,
281
70
876
,
281
70
876
,
281
70
830
,
281
70
837
,
281
70
837
,
281
69
850
,
280
69
850
,
280
69
843
,
280
69
843
,
280
70
825
,
280
70
825
,
280
70
848
,
280
70
848
,
280
70
853
,
280
71
828
,
280
71
828
,
280
71
817
,
280
71
817
,
280
72
828
,
280
72
828
,
280
72
835
,
280
72
835
,
280
72
803
,
280
73
780
,
280
73
780
,
280
73
798
,
280
73
798
,
280
73
814
,
280
73
814
,
280
73
830
,
280
73
830
,
280
73
856
,
280
73
856
,
280
73
878
,
280
72
885
,
280
72
885
,
280
72
853
,
280
72
853
,
280
72
835
,
280
72
835
,
280
72
840
,
280
72
840
,
280
71
835
,
280
71
806
,
280
71
806
,
280
71
796
,
280
71
796
,
280
72
806
,
280
72
806
,
280
72
809
,
280
72
809
,
280
73
788
,
280
73
807
,
280
73
807
,
280
74
827
,
278
74
827
,
278
74
824
,
278
74
824
,
278
74
816
,
279
74
816
,
279
74
852
,
279
74
765
,
277
74
765
,
277
74
792
,
277
74
792
,
277
74
814
,
276
74
814
,
276
74
835
,
275
74
835
,
275
74
826
,
275
73
823
,
276
73
823
,
276
73
831
,
274
73
831
,
274
74
806
,
274
74
806
,
274
74
777
,
274
74
777
,
274
74
799
,
274
74
832
,
274
74
832
,
274
75
699
,
274
75
699
,
274
73
969
,
275
73
969
,
275
73
899
,
274
73
899
,
274
73
827
,
274
73
827
,
274
73
790
,
274
73
791
,
275
73
791
,
275
73
809
,
275
73
809
,
275
73
823
,
275
73
823
,
275
74
667
,
275
74
667
,
275
72
1019
,
274
72
1019
,
274
71
916
,
274
71
871
,
274
71
871
,
274
72
869
,
272
72
869
,
272
71
851
,
272
71
851
,
272
71
817
,
272
71
817
,
272
71
806
,
272
71
789
,
269
71
789
,
269
72
753
,
268
72
753
,
268
71
740
,
265
71
740
,
265
74
751
,
265
75
802
,
257
75
802
,
257
75
868
,
256
75
868
,
256
75
867
,
258
75
867
,
258
74
901
,
258
74
901
,
258
73
930
,
257
73
930
,
257
72
912
,
255
72
912
,
255
72
807
,
255
72
764
,
255
72
764
,
255
72
760
,
246
72
760
,
246
72
774
,
244
72
774
,
244
72
798
,
246
72
798
,
246
72
825
,
246
72
864
,
248
72
864
,
248
72
850
,
249
72
850
,
249
73
841
,
250
73
841
,
250
74
857
,
249
74
857
,
249
73
868
,
250
73
868
,
250
72
867
,
250
72
831
,
251
72
831
,
251
71
802
,
250
71
802
,
250
71
807
,
250
71
807
,
250
72
701
,
251
72
701
,
251
72
963
,
251
71
867
,
252
71
867
,
252
72
822
,
252
72
822
,
252
72
845
,
252
72
845
,
252
72
851
,
253
72
851
,
253
72
832
,
254
72
832
,
254
72
834
,
254
73
702
,
254
73
702
,
254
72
967
,
253
72
967
,
253
70
854
,
254
70
854
,
254
72
802
,
251
72
802
,
251
72
819
,
242
72
819
,
242
72
832
,
242
72
824
,
244
72
824
,
244
72
850
,
246
72
850
,
246
72
867
,
247
72
867
,
247
72
873
,
248
72
873
,
248
70
851
,
245
70
851
,
245
71
856
,
245
71
871
,
239
71
871
,
239
71
863
,
241
71
863
,
241
71
809
,
242
71
809
,
242
71
763
,
242
71
763
,
242
72
761
,
242
72
764
,
234
72
764
,
234
73
760
,
225
73
760
,
225
74
764
,
222
74
764
,
222
75
810
,
222
75
850
,
223
75
850
,
223
75
853
,
221
75
853
,
221
75
843
,
222
75
843
,
222
75
850
,
225
75
850
,
225
74
848
,
225
74
848
,
225
73
826
,
225
75
628
,
227
75
628
,
227
73
972
,
227
73
972
,
227
72
827
,
225
72
827
,
225
73
747
,
225
74
714
,
214
74
714
,
214
75
700
,
205
75
700
,
205
77
693
,
205
78
699
,
197
78
699
,
197
80
722
,
201
80
722
,
201
81
748
,
185
81
748
,
185
79
740
,
185
82
742
,
184
82
742
,
184
82
772
,
177
82
772
,
177
82
750
,
177
82
741
,
181
82
741
,
181
82
749
,
186
82
749
,
186
81
745
,
191
81
745
,
191
80
750
,
191
80
742
,
193
80
742
,
193
80
757
,
195
80
757
,
195
80
766
,
195
80
755
,
197
80
755
,
197
80
741
,
199
80
741
,
199
80
750
,
201
80
750
,
201
80
758
,
201
80
752
,
203
80
752
,
203
80
744
,
203
80
744
,
203
80
762
,
205
80
762
,
205
79
785
,
205
79
791
,
206
79
791
,
206
79
789
,
207
79
789
,
207
78
807
,
208
78
807
,
208
77
836
,
209
77
836
,
209
76
837
,
209
76
815
,
211
76
815
,
211
75
830
,
209
75
830
,
209
74
839
,
211
74
839
,
211
74
799
,
212
74
799
,
212
74
766
,
212
74
764
,
213
74
764
,
213
75
758
,
196
75
758
,
196
75
763
,
192
75
763
,
192
76
764
,
192
76
804
,
195
76
804
,
195
75
863
,
196
75
863
,
196
75
873
,
200
75
873
,
200
75
858
,
203
75
858
,
203
74
886
,
205
74
886
,
205
73
897
,
206
73
897
,
206
72
867
,
206
71
864
,
207
71
864
,
207
70
849
,
207
70
849
,
207
70
803
,
194
70
803
,
194
70
776
,
185
70
776
,
185
71
794
,
185
71
806
,
181
71
806
,
181
73
648
,
164
73
648
,
164
73
940
,
165
73
940
,
165
73
876
,
176
73
876
,
176
73
811
,
176
74
779
,
182
74
779
,
182
75
770
,
181
75
770
,
181
75
798
,
183
75
798
,
183
75
825
,
183
74
815
,
186
74
815
,
186
74
804
,
187
74
804
,
187
73
829
,
188
73
829
,
188
74
855
,
190
74
855
,
190
74
852
,
192
74
852
,
192
73
861
,
192
72
897
,
194
72
897
,
194
71
863
,
196
71
863
,
196
71
816
,
197
71
816
,
197
71
820
,
199
71
820
,
199
71
826
,
199
71
815
,
201
71
815
,
201
71
829
,
199
71
829
,
199
71
851
,
191
71
851
,
191
71
840
,
193
71
840
,
193
72
814
,
197
72
814
,
197
72
836
,
197
72
850
,
198
72
850
,
198
72
844
,
200
72
844
,
200
72
809
,
200
72
809
,
200
72
808
,
202
72
808
,
202
72
816
,
202
72
817
,
203
72
817
,
203
73
791
,
205
73
791
,
205
73
791
,
207
73
791
,
207
73
813
,
204
73
813
,
204
73
839
,
204
73
840
,
192
73
840
,
192
74
836
,
192
74
836
,
192
73
850
,
197
73
850
,
197
75
659
,
199
75
659
,
199
74
925
,
201
74
925
,
201
72
949
,
201
74
624
,
203
74
624
,
203
73
933
,
204
73
933
,
204
72
896
,
205
72
896
,
205
74
631
,
205
73
888
,
204
73
888
,
204
73
833
,
203
73
833
,
203
74
783
,
203
74
783
,
203
72
836
,
196
72
836
,
196
72
907
,
197
72
907
,
197
73
930
,
200
73
930
,
200
70
888
,
200
71
915
,
201
71
915
,
201
70
940
,
201
70
940
,
201
68
892
,
198
68
892
,
198
68
872
,
192
68
872
,
192
68
873
,
194
68
873
,
194
68
833
,
198
68
833
,
198
68
797
,
198
69
807
,
200
69
807
,
200
70
801
,
202
70
801
,
202
71
779
,
202
71
779
,
202
72
776
,
202
73
794
,
196
73
794
,
196
74
798
,
193
74
798
,
193
75
772
,
197
75
772
,
197
76
779
,
192
76
779
,
192
76
790
,
192
76
783
,
189
76
783
,
189
76
800
,
193
76
800
,
193
76
820
,
193
76
820
,
193
76
798
,
187
76
798
,
187
76
764
,
187
76
768
,
185
76
768
,
185
76
772
,
186
76
772
,
186
77
767
,
186
77
757
,
190
77
757
,
190
77
782
,
189
77
782
,
189
77
811
,
186
77
811
,
186
78
616
,
183
78
616
,
183
77
990
,
183
76
890
,
182
76
890
,
182
75
806
,
174
75
806
,
174
75
773
,
180
75
773
,
180
75
778
,
185
75
778
,
185
75
788
,
185
75
801
,
183
75
801
,
183
74
819
,
180
74
819
,
180
74
866
,
185
74
866
,
185
71
893
,
188
71
893
,
188
73
858
,
188
73
844
,
189
73
844
,
189
73
855
,
190
73
855
,
190
72
826
,
193
72
826
,
193
72
794
,
194
72
794
,
194
72
814
,
194
71
826
,
194
71
826
,
194
72
809
,
196
72
809
,
196
72
784
,
196
72
784
,
196
73
783
,
186
73
783
,
186
74
783
,
186
75
764
,
184
75
764
,
184
76
749
,
185
76
749
,
185
76
771
,
182
76
771
,
182
76
795
,
182
76
792
,
185
76
792
,
185
77
791
,
188
77
791
,
188
77
817
,
189
77
817
,
189
76
804
,
190
76
804
,
190
76
781
,
190
76
802
,
186
76
802
,
186
76
806
,
188
76
806
,
188
76
767
,
191
76
767
,
191
76
756
,
191
76
764
,
192
76
764
,
192
76
764
,
193
76
764
,
193
77
749
,
194
77
749
,
194
77
765
,
194
77
789
,
196
77
789
,
196
77
804
,
197
77
804
,
197
78
775
,
198
78
775
,
198
78
784
,
198
78
790
,
199
78
790
,
199
77
767
,
197
77
767
,
197
78
753
,
196
78
753
,
196
78
761
,
196
77
766
,
197
77
766
,
197
77
763
,
199
77
763
,
199
78
763
,
201
78
763
,
201
78
790
,
201
77
809
,
201
77
809
,
201
77
794
,
194
77
794
,
194
77
794
,
194
77
794
,
194
77
813
,
197
77
813
,
197
76
821
,
197
76
800
,
199
76
800
,
199
75
806
,
200
75
806
,
200
75
824
,
201
75
824
,
201
74
811
,
201
75
780
,
202
75
780
,
202
75
790
,
203
75
790
,
203
75
799
,
205
75
799
,
205
75
779
,
205
76
653
,
206
76
653
,
206
76
882
,
206
76
882
,
206
76
805
,
205
76
805
,
205
77
641
,
194
77
641
,
194
77
809
,
194
78
778
,
179
78
778
,
179
78
733
,
169
78
733
,
169
78
773
,
160
78
773
,
160
78
832
,
160
78
835
,
167
78
835
,
167
76
849
,
157
76
849
,
157
76
870
,
140
76
870
,
140
75
856
,
146
75
856
,
146
74
820
,
153
74
820
,
153
73
819
,
153
73
815
,
144
73
815
,
144
73
791
,
152
73
791
,
152
72
790
,
156
72
790
,
156
73
809
,
156
73
804
,
148
73
804
,
148
74
772
,
155
74
772
,
155
74
782
,
162
74
782
,
162
75
799
,
162
75
799
,
165
75
799
,
165
75
788
,
168
75
788
,
168
76
808
,
170
76
808
,
170
75
831
,
170
75
831
,
170
75
807
,
170
75
775
,
173
75
775
,
173
76
688
,
175
76
688
,
175
75
890
,
177
75
890
,
177
75
810
,
177
75
759
,
178
75
759
,
178
76
774
,
177
76
774
,
177
76
785
,
174
76
785
,
174
76
782
,
174
76
792
,
177
76
792
,
177
76
818
,
180
76
818
,
180
76
830
,
182
76
830
,
182
74
816
,
185
74
816
,
185
75
820
,
186
75
820
,
186
75
822
,
186
74
833
,
188
74
833
,
188
74
825
,
190
74
825
,
190
73
830
,
192
73
830
,
192
73
851
,
193
73
851
,
193
72
859
,
193
72
816
,
195
72
816
,
195
74
647
,
196
74
647
,
196
73
930
,
194
73
930
,
194
73
855
,
195
73
855
,
195
73
772
,
195
74
774
,
197
74
774
,
197
74
795
,
199
74
795
,
199
74
817
,
201
74
817
,
201
74
823
,
202
74
823
,
202
74
861
,
202
73
895
,
203
73
895
,
203
71
873
,
204
71
873
,
204
72
860
,
205
72
860
,
205
72
867
,
204
72
867
,
204
71
834
,
204
71
834
,
204
71
819
,
204
71
819
,
206
71
819
,
206
72
648
,
207
72
648
,
207
71
961
,
207
71
961
,
207
71
860
,
208
71
860
,
208
72
805
,
208
73
790
,
211
73
790
,
211
73
797
,
211
73
797
,
211
73
839
,
212
73
839
,
212
73
874
,
213
73
874
,
213
73
863
,
214
73
863
,
214
72
874
,
214
71
828
,
215
71
828
,
215
72
797
,
216
72
797
,
216
73
800
,
217
73
800
,
217
73
803
,
217
73
796
,
217
73
796
,
217
72
816
,
219
72
816
,
219
72
856
,
220
72
856
,
220
72
883
,
221
72
883
,
221
72
861
,
222
72
861
,
222
72
849
,
222
72
849
,
222
72
852
,
222
72
847
,
224
72
847
,
224
73
607
,
224
73
607
,
224
72
913
,
226
72
913
,
226
71
972
,
226
71
784
,
227
71
784
,
227
72
764
,
228
72
764
,
228
73
791
,
228
73
791
,
228
73
825
,
228
73
838
,
229
73
838
,
229
73
864
,
231
73
864
,
231
73
916
,
229
73
916
,
229
70
907
,
230
70
907
,
230
70
907
,
231
70
907
,
231
70
922
,
232
70
922
,
232
70
881
,
232
70
881
,
232
69
849
,
232
68
855
,
233
68
855
,
233
68
828
,
234
68
828
,
234
69
808
,
236
69
808
,
236
69
829
,
236
69
829
,
236
70
844
,
236
70
825
,
237
70
825
,
237
71
813
,
237
71
813
,
237
72
812
,
238
72
812
,
238
73
808
,
239
73
808
,
239
73
787
,
239
74
801
,
240
74
801
,
240
74
815
,
240
74
815
,
240
74
807
,
241
74
807
,
241
75
672
,
242
75
672
,
242
74
965
,
242
74
883
,
243
74
883
,
243
74
808
,
243
74
808
,
243
74
806
,
244
74
806
,
244
74
811
,
245
74
811
,
245
73
821
,
245
73
824
,
245
73
824
,
245
75
616
,
246
75
616
,
246
73
993
,
247
73
993
,
247
71
895
,
248
71
895
,
248
73
805
,
248
73
794
,
248
73
794
,
248
73
809
,
249
73
809
,
249
73
835
,
250
73
835
,
250
73
809
,
250
73
809
,
250
73
803
,
250
73
812
,
251
73
812
,
251
72
813
,
250
72
813
,
250
74
766
,
249
74
766
,
249
75
746
,
249
76
743
,
245
76
743
,
245
76
752
,
244
76
752
,
244
76
773
,
246
76
773
,
246
77
777
,
246
78
755
,
244
78
755
,
244
78
763
,
243
78
763
,
243
78
772
,
239
78
772
,
239
79
770
,
239
79
757
,
226
79
757
,
226
79
777
,
223
79
777
,
223
78
796
,
216
78
796
,
216
78
796
,
216
77
791
,
212
77
791
,
212
77
808
,
212
77
808
,
212
76
814
,
203
76
814
,
203
76
794
,
203
76
777
,
197
76
777
,
197
76
781
,
196
76
781
,
196
76
791
,
191
76
791
,
191
76
768
,
191
76
768
,
191
76
768
,
191
76
773
,
190
76
773
,
190
77
750
,
179
77
750
,
179
77
755
,
176
77
755
,
176
78
747
,
176
78
770
,
169
78
770
,
169
78
778
,
170
78
778
,
170
78
787
,
175
78
787
,
175
78
805
,
175
77
817
,
178
77
817
,
178
77
810
,
180
77
810
,
180
77
811
,
182
77
811
,
182
76
817
,
184
76
817
,
184
75
817
,
184
75
807
,
185
75
807
,
185
74
816
,
187
74
816
,
187
74
831
,
189
74
831
,
189
73
837
,
190
73
837
,
190
73
807
,
190
74
808
,
191
74
808
,
191
73
817
,
193
73
817
,
193
73
819
,
194
73
819
,
194
74
795
,
194
74
795
,
194
74
806
,
194
74
816
,
195
74
816
,
195
74
816
,
196
74
816
,
196
74
807
,
199
74
807
,
199
74
820
,
203
74
820
,
203
74
832
,
203
74
802
,
202
74
802
,
202
74
781
,
201
74
781
,
201
74
791
,
201
74
791
,
201
74
797
,
203
74
797
,
203
75
787
,
203
75
806
,
205
75
806
,
205
75
825
,
206
75
825
,
206
74
827
,
207
74
827
,
207
75
797
,
208
75
797
,
208
75
818
,
208
74
829
,
210
74
829
,
210
74
797
,
211
74
797
,
211
74
780
,
208
74
780
,
208
75
782
,
208
75
764
,
204
75
764
,
204
75
809
,
202
75
809
,
202
75
844
,
202
75
844
,
202
74
863
,
205
74
863
,
205
74
843
,
206
74
843
,
206
74
802
,
206
74
773
,
207
74
773
,
207
75
781
,
208
75
781
,
208
75
789
,
209
75
789
,
209
75
777
,
209
75
760
,
210
75
760
,
210
75
784
,
210
75
784
,
210
75
802
,
211
75
802
,
211
76
824
,
211
76
824
,
211
76
833
,
211
75
872
,
212
75
872
,
212
74
915
,
214
74
915
,
214
73
898
,
214
73
898
,
214
72
848
,
213
72
848
,
213
72
838
,
212
72
838
,
212
71
817
,
212
71
797
,
214
71
797
,
214
71
802
,
214
71
802
,
214
71
819
,
209
71
819
,
209
71
822
,
201
71
822
,
201
72
740
,
201
72
925
,
186
72
925
,
186
72
872
,
179
72
872
,
179
73
825
,
179
73
825
,
179
73
802
,
183
73
802
,
183
73
788
,
183
73
795
,
186
73
795
,
186
73
789
,
188
73
789
,
188
74
781
,
189
74
781
,
189
74
800
,
191
74
800
,
191
73
832
,
191
74
855
,
192
74
855
,
192
74
876
,
194
74
876
,
194
73
902
,
195
73
902
,
195
72
931
,
197
72
931
,
197
71
900
,
198
71
900
,
198
70
892
,
200
70
892
,
200
69
866
,
201
69
866
,
201
69
830
,
201
69
822
,
203
69
822
,
203
69
825
,
203
69
825
,
203
71
652
,
203
71
652
,
203
70
932
,
203
71
858
,
205
71
858
,
205
72
806
,
206
72
806
,
206
72
811
,
208
72
811
,
208
73
817
,
209
73
817
,
209
73
842
,
210
73
842
,
210
73
865
,
210
73
857
,
211
73
857
,
211
72
855
,
213
72
855
,
213
71
863
,
214
71
863
,
214
71
833
,
215
71
833
,
215
72
815
,
215
72
820
,
216
72
820
,
216
72
819
,
217
72
819
,
217
72
791
,
218
72
791
,
218
72
783
,
218
72
783
,
218
73
795
,
218
73
796
,
220
73
796
,
220
74
795
,
221
74
795
,
221
74
823
,
222
74
823
,
222
74
840
,
223
74
840
,
223
74
821
,
223
74
797
,
224
74
797
,
224
75
806
,
225
75
806
,
225
74
815
,
226
74
815
,
226
74
806
,
225
74
806
,
225
74
815
,
225
74
822
,
224
74
822
,
224
73
821
,
224
73
821
,
224
74
811
,
225
74
811
,
225
74
825
,
226
74
825
,
226
74
833
,
226
74
809
,
227
74
809
,
227
73
819
,
228
73
819
,
228
73
828
,
228
73
828
,
228
73
844
,
229
73
844
,
229
73
824
,
229
73
802
,
230
73
802
,
230
73
807
,
231
73
807
,
231
73
803
,
231
73
803
,
231
74
781
,
231
74
797
,
232
74
797
,
232
74
807
,
232
74
807
,
232
74
816
,
233
74
816
,
233
74
799
,
234
74
799
,
234
75
809
,
234
75
819
,
236
75
819
,
236
75
800
,
234
75
800
,
234
75
778
,
232
75
778
,
232
75
789
,
232
75
789
,
232
75
793
,
232
75
777
,
231
75
777
,
231
75
774
,
232
75
774
,
232
76
783
,
232
76
783
,
232
76
778
,
232
76
773
,
232
76
773
,
232
77
789
,
234
77
789
,
234
77
797
,
234
77
797
,
234
77
789
,
234
77
781
,
235
77
781
,
235
77
801
,
236
77
801
,
236
76
814
,
235
76
814
,
235
76
790
,
236
76
790
,
236
76
784
,
236
76
792
,
237
76
792
,
237
76
783
,
237
76
783
,
237
76
764
,
238
76
764
,
238
76
775
,
238
76
796
,
239
76
796
,
239
76
808
,
239
76
808
,
239
76
803
,
239
76
803
,
239
76
824
,
238
76
824
,
238
75
836
,
238
77
640
,
239
77
640
,
239
75
948
,
239
75
948
,
239
75
858
,
239
75
858
,
239
74
791
,
240
74
791
,
240
74
788
,
240
74
774
,
240
74
774
,
240
74
792
,
240
74
792
,
240
74
822
,
241
74
822
,
241
74
817
,
241
75
802
,
241
75
802
,
241
73
806
,
238
73
806
,
238
74
830
,
236
74
830
,
236
74
837
,
236
74
837
,
236
74
820
,
236
74
824
,
233
74
824
,
233
74
810
,
231
74
810
,
231
74
778
,
231
74
778
,
231
74
772
,
232
74
772
,
232
74
781
,
232
75
780
,
229
75
780
,
229
75
773
,
230
75
773
,
230
75
797
,
229
75
797
,
229
76
805
,
229
76
795
,
229
76
795
,
229
76
790
,
230
76
790
,
230
76
806
,
230
76
806
,
230
76
805
,
230
76
778
,
229
76
778
,
229
76
787
,
226
76
787
,
226
76
787
,
227
76
787
,
227
76
792
,
228
76
792
,
228
75
812
,
228
75
814
,
229
75
814
,
229
76
772
,
230
76
772
,
230
76
773
,
230
76
782
,
229
76
782
,
229
76
794
,
230
76
794
,
230
76
803
,
230
76
803
,
230
75
832
,
228
75
832
,
228
75
847
,
228
77
609
,
228
77
609
,
228
75
991
,
227
75
991
,
227
74
886
,
223
74
886
,
223
76
609
,
222
76
609
,
222
74
922
,
222
74
833
,
222
74
833
,
222
74
758
,
223
74
758
,
223
74
774
,
223
74
774
,
223
75
819
,
224
75
819
,
224
74
881
,
224
74
627
,
221
74
627
,
221
73
1078
,
222
73
1078
,
222
72
990
,
218
72
990
,
218
70
879
,
217
70
879
,
217
71
861
,
221
71
861
,
221
70
845
,
222
70
845
,
222
70
811
,
222
70
822
,
215
70
822
,
215
69
846
,
204
69
846
,
204
70
823
,
198
70
823
,
198
68
821
,
170
68
821
,
170
70
826
,
170
73
666
,
157
73
666
,
157
73
952
,
164
73
952
,
164
72
883
,
163
72
883
,
163
73
825
,
166
73
825
,
166
73
797
,
166
73
816
,
167
73
816
,
167
73
815
,
167
73
815
,
167
73
797
,
169
73
797
,
169
73
809
,
163
73
809
,
163
73
829
,
163
72
815
,
164
72
815
,
164
73
820
,
169
73
820
,
169
74
835
,
171
74
835
,
171
73
838
,
171
75
609
,
173
75
609
,
173
73
999
,
174
73
999
,
174
73
885
,
161
73
885
,
161
74
628
,
161
74
628
,
161
73
940
,
165
73
940
,
165
73
846
,
165
73
790
,
168
73
790
,
168
73
795
,
170
73
795
,
170
74
813
,
172
74
813
,
172
73
860
,
174
73
860
,
174
71
929
,
175
71
929
,
175
71
921
,
177
71
921
,
177
71
939
,
179
71
939
,
179
68
949
,
179
70
757
,
180
70
757
,
180
68
1034
,
182
68
1034
,
182
67
910
,
183
67
910
,
183
67
821
,
182
67
821
,
182
67
797
,
183
67
797
,
183
68
805
,
183
68
833
,
184
68
833
,
184
69
883
,
186
69
883
,
186
69
861
,
187
69
861
,
187
70
841
,
189
70
841
,
189
69
879
,
190
69
879
,
190
70
923
,
192
70
923
,
192
70
890
,
192
70
811
,
192
70
811
,
192
70
789
,
192
70
789
,
192
71
777
,
177
71
777
,
177
71
746
,
177
73
724
,
176
73
724
,
176
74
717
,
179
74
717
,
179
75
714
,
182
75
714
,
182
77
740
,
182
78
797
,
183
78
797
,
183
78
858
,
184
78
858
,
184
78
856
,
185
78
856
,
185
77
894
,
186
77
894
,
186
75
905
,
188
75
905
,
188
74
859
,
188
74
805
,
189
74
805
,
189
73
810
,
189
73
810
,
189
72
810
,
191
72
810
,
191
72
786
,
191
72
786
,
191
72
773
,
191
72
799
,
193
72
799
,
193
73
832
,
194
73
832
,
194
73
818
,
196
73
818
,
196
74
822
,
198
74
822
,
198
74
867
,
198
73
870
,
198
73
870
,
198
73
831
,
200
73
831
,
200
73
791
,
201
73
791
,
201
73
788
,
202
73
788
,
202
73
785
,
202
73
766
,
204
73
766
,
204
74
767
,
205
74
767
,
205
74
791
,
206
74
791
,
206
74
820
,
206
75
817
,
208
75
817
,
208
75
827
,
208
75
827
,
208
75
851
,
209
75
851
,
209
74
867
,
211
74
867
,
211
75
671
,
212
75
671
,
212
73
1000
,
212
72
879
,
212
72
879
,
212
72
802
,
214
72
802
,
214
72
775
,
215
72
775
,
215
73
780
,
216
73
780
,
216
73
806
,
216
72
856
,
217
72
856
,
217
72
879
,
218
72
879
,
218
72
872
,
220
72
872
,
220
70
898
,
220
70
898
,
220
71
897
,
221
71
897
,
221
71
857
,
222
71
857
,
222
71
830
,
222
71
834
,
223
71
834
,
223
70
826
,
224
70
826
,
224
70
810
,
225
70
810
,
225
71
782
,
226
71
782
,
226
71
803
,
226
72
826
,
227
72
826
,
227
72
827
,
227
72
827
,
227
73
817
,
229
73
817
,
229
73
824
,
226
73
824
,
226
73
834
,
226
74
806
,
227
74
806
,
227
74
796
,
227
74
796
,
227
74
816
,
226
74
816
,
226
74
808
,
223
74
808
,
223
74
790
,
223
74
792
,
224
74
792
,
224
74
791
,
225
74
791
,
225
75
759
,
223
75
759
,
223
75
777
,
223
76
754
,
216
76
754
,
216
77
746
,
355
77
746
,
355
79
573
,
355
78
881
,
341
78
881
,
341
78
821
,
314
78
821
,
314
78
760
,
305
78
760
,
305
78
795
,
305
78
795
,
305
79
743
,
305
79
729
,
287
79
729
,
287
80
721
,
201
80
721
,
201
80
699
,
201
81
662
,
198
81
662
,
198
80
651
,
197
80
651
,
197
83
654
,
197
85
655
,
185
85
655
,
185
86
660
,
187
86
660
,
187
88
657
,
187
89
680
,
191
89
680
,
191
89
683
,
193
89
683
,
193
89
715
,
193
89
729
,
195
89
729
,
195
88
744
,
196
88
744
,
196
87
713
,
196
86
742
,
198
86
742
,
198
85
744
,
198
85
744
,
198
84
764
,
197
84
764
,
197
82
789
,
197
81
790
,
195
81
790
,
195
80
732
,
191
80
732
,
185
80
732
,
185
73
1469
,
185
73
779
,
182
73
779
,
182
76
417
,
182
79
349
,
178
79
349
,
178
81
557
,
178
81
805
,
162
81
805
,
162
81
705
,
152
81
705
,
152
82
708
,
153
82
708
,
153
83
698
,
153
83
702
,
161
83
702
,
161
93
707
,
164
93
707
,
164
94
719
,
164
90
747
,
167
90
747
,
167
85
750
,
170
85
750
,
170
82
781
,
171
82
781
,
171
82
816
,
173
82
816
,
173
80
847
,
173
79
846
,
174
79
846
,
174
78
802
,
175
78
802
,
175
77
813
,
177
77
813
,
177
75
832
,
178
75
832
,
178
74
836
,
178
74
792
,
179
74
792
,
179
74
784
,
182
74
784
,
182
74
780
,
182
74
780
,
182
74
770
,
182
75
757
,
184
75
757
,
184
75
782
,
185
75
782
,
185
75
809
,
185
75
809
,
185
75
828
,
185
75
816
,
186
75
816
,
186
75
843
,
186
75
843
,
186
75
863
,
187
75
863
,
187
76
609
,
189
76
609
,
189
75
919
,
189
75
821
,
183
75
821
,
183
75
700
,
173
75
700
,
173
76
679
,
173
77
670
,
175
77
670
,
175
79
682
,
175
79
682
,
175
80
734
,
167
80
734
,
167
80
827
,
156
80
827
,
156
80
866
,
156
77
892
,
158
77
892
,
158
77
947
,
161
77
947
,
161
76
931
,
161
76
931
,
161
74
894
,
149
74
894
,
149
72
892
,
127
72
892
,
127
71
833
,
131
71
833
,
131
70
769
,
131
69
784
,
141
69
784
,
141
70
790
,
144
70
790
,
144
71
778
,
147
71
778
,
147
72
765
,
147
73
788
,
142
73
788
,
142
74
796
,
138
74
796
,
138
75
788
,
144
75
788
,
144
76
791
,
148
76
791
,
148
76
818
,
148
76
825
,
150
76
825
,
150
76
791
,
152
76
791
,
152
76
773
,
154
76
773
,
154
76
787
,
154
75
806
,
154
75
806
,
154
75
795
,
155
75
795
,
155
75
788
,
158
75
788
,
158
75
798
,
160
75
798
,
160
75
801
,
160
75
795
,
161
75
795
,
161
76
788
,
163
76
788
,
163
76
802
,
165
76
802
,
165
75
812
,
165
75
801
,
164
75
801
,
164
75
788
,
162
75
788
,
162
75
817
,
163
75
817
,
163
75
848
,
164
75
848
,
164
74
850
,
166
74
850
,
166
74
824
,
166
74
822
,
166
74
822
,
166
73
820
,
160
73
820
,
160
73
797
,
163
73
797
,
163
74
779
,
163
74
787
,
166
74
787
,
166
74
787
,
168
74
787
,
168
74
810
,
169
74
810
,
169
74
809
,
162
74
809
,
162
75
792
,
162
75
773
,
160
75
773
,
160
76
772
,
162
76
772
,
162
76
771
,
162
77
668
,
164
77
668
,
164
76
882
,
166
76
882
,
166
76
841
,
166
76
841
,
166
76
804
,
168
76
804
,
168
76
790
,
170
76
790
,
170
76
800
,
170
76
825
,
170
76
825
,
170
75
822
,
171
75
822
,
171
75
808
,
172
75
808
,
172
74
817
,
174
74
817
,
174
73
825
,
174
74
807
,
174
74
807
,
174
74
779
,
176
74
779
,
176
74
795
,
176
74
795
,
176
74
796
,
176
75
776
,
177
75
776
,
177
75
758
,
179
75
758
,
179
76
777
,
180
76
777
,
180
76
784
,
181
76
784
,
181
76
785
,
181
77
779
,
183
77
779
,
183
77
792
,
184
77
792
,
184
77
798
,
185
77
798
,
185
77
793
,
185
77
772
,
186
77
772
,
186
77
784
,
188
77
784
,
188
77
778
,
188
77
778
,
188
77
750
,
188
77
745
,
190
77
745
,
190
77
759
,
191
77
759
,
191
78
749
,
191
78
749
,
191
78
740
,
191
79
762
,
191
79
762
,
191
79
782
,
189
79
782
,
189
78
798
,
189
78
798
,
189
78
802
,
191
78
802
,
191
78
822
,
191
77
822
,
193
77
822
,
193
77
800
,
194
77
800
,
194
76
787
,
193
76
787
,
193
76
794
,
193
76
759
,
193
76
759
,
193
76
729
,
194
76
729
,
194
76
731
,
195
76
731
,
195
77
744
,
195
78
753
,
195
78
753
,
195
78
757
,
197
78
757
,
197
78
793
,
197
78
793
,
197
78
829
,
199
78
829
,
199
78
820
,
199
78
791
,
199
78
791
,
199
78
784
,
201
78
784
,
201
77
777
,
201
77
777
,
201
77
752
,
201
77
736
,
202
77
736
,
202
77
744
,
203
77
744
,
203
77
760
,
204
77
760
,
204
77
751
,
204
78
761
,
203
78
761
,
203
79
772
,
202
79
772
,
202
79
764
,
201
79
764
,
201
79
758
,
201
79
765
,
200
79
765
,
200
79
773
,
201
79
773
,
201
79
770
,
203
79
770
,
203
78
775
,
203
78
782
,
204
78
782
,
204
78
776
,
204
78
776
,
204
78
758
,
206
78
758
,
206
78
741
,
206
78
757
,
206
78
757
,
206
78
771
,
207
78
771
,
207
78
783
,
208
78
783
,
208
78
772
,
208
78
790
,
208
78
790
,
208
77
814
,
210
77
814
,
210
77
805
,
211
77
805
,
211
77
767
,
211
77
751
,
210
77
751
,
210
77
748
,
203
77
748
,
203
78
729
,
203
78
729
,
203
78
724
,
203
79
739
,
204
79
739
,
204
79
736
,
205
79
736
,
205
79
746
,
206
79
746
,
206
80
774
,
206
80
779
,
202
80
779
,
202
80
771
,
204
80
771
,
204
80
771
,
197
80
771
,
197
80
778
,
197
79
751
,
173
79
751
,
173
79
738
,
168
79
738
,
168
79
741
,
168
79
725
,
167
79
725
,
167
79
723
,
167
79
723
,
167
80
749
,
171
80
749
,
171
80
754
,
171
80
759
,
174
80
759
,
174
80
737
,
176
80
737
,
176
81
743
,
173
81
743
,
173
81
752
,
173
81
754
,
173
81
754
,
173
81
748
,
176
81
748
,
176
80
754
,
178
80
754
,
178
80
760
,
178
80
748
,
179
80
748
,
179
80
729
,
179
80
729
,
179
81
710
,
179
81
723
,
180
81
723
,
180
81
737
,
182
81
737
,
182
81
734
,
177
81
734
,
177
81
775
,
177
81
782
,
170
81
782
,
170
80
813
,
172
80
813
,
172
80
791
,
176
80
791
,
176
79
789
,
178
79
789
,
178
78
800
,
178
78
762
,
179
78
762
,
179
78
751
,
181
78
751
,
181
77
772
,
181
77
757
,
183
77
757
,
183
77
746
,
182
77
746
,
182
78
751
,
182
79
640
,
179
79
640
,
179
79
832
,
179
79
832
,
179
79
795
,
177
79
795
,
177
79
780
,
178
79
780
,
178
79
790
,
178
79
780
,
178
79
780
,
178
78
798
,
179
78
798
,
179
78
799
,
179
78
799
,
179
78
774
,
179
78
751
,
179
78
751
,
179
76
752
,
174
76
752
,
174
77
749
,
169
77
749
,
169
78
731
,
169
78
724
,
172
78
724
,
172
79
741
,
174
79
741
,
174
79
766
,
176
79
766
,
176
79
770
,
176
79
790
,
177
79
790
,
177
79
805
,
179
79
805
,
179
79
797
,
180
79
797
,
180
80
663
,
180
78
907
,
176
78
907
,
176
77
840
,
173
77
840
,
173
76
778
,
175
76
778
,
175
76
757
,
177
76
757
,
177
76
752
,
177
77
726
,
172
77
726
,
172
78
693
,
166
78
693
,
166
79
686
,
166
80
671
,
155
80
671
,
155
80
684
,
145
80
684
,
145
82
728
,
145
83
769
,
150
83
769
,
150
82
849
,
150
82
849
,
150
80
910
,
148
80
910
,
148
79
903
,
153
79
903
,
153
77
913
,
156
77
913
,
156
74
942
,
158
74
942
,
158
72
946
,
159
72
946
,
159
70
871
,
156
70
871
,
156
69
850
,
156
68
848
,
142
68
848
,
142
68
834
,
142
68
834
,
142
68
806
,
130
68
806
,
130
69
832
,
136
69
832
,
136
69
888
,
142
69
888
,
142
69
862
,
142
70
872
,
146
70
872
,
146
70
918
,
149
70
918
,
149
70
906
,
152
70
906
,
152
70
834
,
151
70
834
,
151
70
792
,
150
70
792
,
150
70
811
,
150
70
816
,
151
70
816
,
151
71
809
,
154
71
809
,
154
71
778
,
157
71
778
,
157
72
772
,
157
73
773
,
157
73
773
,
157
74
801
,
157
74
801
,
157
75
795
,
159
75
795
,
159
75
814
,
161
75
814
,
161
75
854
,
159
75
854
,
159
75
840
,
159
75
793
,
164
75
793
,
164
75
761
,
160
75
761
,
160
75
746
,
159
75
746
,
159
76
764
,
159
76
779
,
161
76
779
,
161
76
768
,
163
76
768
,
163
76
795
,
166
76
795
,
166
76
826
,
166
76
867
,
167
76
867
,
167
76
842
,
169
76
842
,
169
75
842
,
170
75
842
,
170
74
843
,
169
74
843
,
169
74
815
,
169
74
717
,
165
74
717
,
165
74
835
,
171
74
835
,
171
73
818
,
172
73
818
,
172
73
766
,
173
73
766
,
173
74
774
,
173
74
815
,
175
74
815
,
175
74
864
,
176
74
864
,
176
74
853
,
178
74
853
,
178
74
847
,
178
74
847
,
178
74
860
,
179
74
860
,
179
72
865
,
179
72
832
,
181
72
832
,
181
73
798
,
182
73
798
,
182
72
785
,
183
72
785
,
183
72
765
,
183
73
750
,
184
73
750
,
184
74
758
,
185
74
758
,
185
75
777
,
186
75
777
,
186
75
772
,
186
76
780
,
186
76
780
,
186
77
802
,
188
77
802
,
188
77
803
,
188
77
803
,
188
77
768
,
189
77
768
,
189
78
760
,
189
78
754
,
182
78
754
,
182
78
757
,
175
78
757
,
175
78
745
,
175
78
771
,
178
78
771
,
178
77
809
,
181
77
809
,
181
77
832
,
183
77
832
,
183
77
807
,
184
77
807
,
184
77
806
,
184
77
799
,
168
77
799
,
168
76
775
,
162
76
775
,
162
76
749
,
164
76
749
,
164
77
748
,
164
76
764
,
169
76
764
,
169
76
788
,
171
76
788
,
171
76
795
,
173
76
795
,
173
77
812
,
174
77
812
,
174
76
821
,
174
76
808
,
175
76
808
,
175
77
766
,
177
77
766
,
177
77
760
,
177
77
760
,
177
77
763
,
177
77
755
,
179
77
755
,
179
77
734
,
180
77
734
,
180
77
745
,
182
77
745
,
182
78
763
,
182
78
777
,
182
78
777
,
182
78
802
,
183
78
802
,
183
78
821
,
185
78
821
,
185
78
821
,
186
78
821
,
186
77
808
,
186
77
812
,
187
77
812
,
187
76
817
,
189
76
817
,
189
75
801
,
190
75
801
,
190
75
776
,
191
75
776
,
191
75
786
,
191
75
793
,
193
75
793
,
193
75
790
,
192
75
790
,
192
75
775
,
193
75
775
,
193
75
790
,
193
75
816
,
194
75
816
,
194
75
821
,
196
75
821
,
196
77
643
,
196
77
643
,
196
76
942
,
197
76
942
,
197
75
836
,
197
76
730
,
197
76
730
,
197
76
722
,
198
76
722
,
198
77
742
,
199
77
742
,
199
77
760
,
199
77
783
,
201
77
783
,
201
77
850
,
201
77
850
,
201
76
920
,
203
76
920
,
203
73
894
,
204
73
894
,
204
74
902
,
205
74
902
,
205
73
902
,
206
73
902
,
206
72
855
,
206
71
835
,
207
71
835
,
207
70
825
,
208
70
825
,
208
70
792
,
208
70
792
,
208
70
770
,
208
71
777
,
209
71
777
,
209
72
778
,
207
72
778
,
207
73
770
,
207
73
770
,
207
74
752
,
207
76
755
,
208
76
755
,
208
77
759
,
205
77
759
,
205
78
745
,
193
78
745
,
193
79
745
,
193
79
730
,
193
79
730
,
193
80
729
,
196
80
729
,
196
80
746
,
198
80
746
,
198
80
756
,
198
80
765
,
198
80
765
,
198
80
761
,
200
80
761
,
200
80
766
,
200
80
766
,
200
80
771
,
200
80
762
,
200
80
762
,
200
80
729
,
201
80
729
,
201
80
736
,
202
80
736
,
202
80
754
,
202
79
764
,
203
79
764
,
203
79
764
,
204
79
764
,
204
80
734
,
204
80
726
,
204
80
726
,
204
81
711
,
194
81
711
,
194
81
698
,
190
81
698
,
190
82
694
,
190
82
718
,
193
82
718
,
193
82
744
,
194
82
744
,
194
82
776
,
194
82
767
,
196
82
767
,
196
82
791
,
197
82
791
,
197
81
827
,
197
81
827
,
197
80
819
,
198
80
819
,
198
79
789
,
198
78
784
,
198
78
784
,
198
77
797
,
199
77
797
,
199
76
786
,
199
76
786
,
199
76
762
,
199
76
767
,
201
76
767
,
201
76
783
,
201
76
783
,
201
76
813
,
202
76
813
,
202
76
773
,
202
77
748
,
203
77
748
,
203
77
742
,
202
77
742
,
202
78
720
,
201
78
720
,
201
79
698
,
201
80
711
,
202
80
711
,
202
80
730
,
203
80
730
,
203
80
743
,
203
81
766
,
204
81
766
,
204
81
799
,
205
81
799
,
205
80
807
,
206
80
807
,
206
80
800
,
206
80
800
,
206
80
752
,
206
79
743
,
207
79
743
,
207
79
719
,
208
79
719
,
208
79
700
,
208
79
722
,
208
79
722
,
208
80
730
,
209
80
730
,
209
80
738
,
209
80
738
,
209
80
758
,
209
81
772
,
211
81
772
,
211
81
768
,
211
81
768
,
211
81
773
,
212
81
773
,
212
80
784
,
212
80
782
,
213
80
782
,
213
79
770
,
213
79
770
,
213
78
779
,
213
78
779
,
213
78
793
,
213
77
790
,
214
77
790
,
214
77
763
,
214
77
763
,
214
77
760
,
216
77
760
,
216
77
761
,
216
78
759
,
216
78
759
,
216
78
743
,
217
78
743
,
217
78
754
,
217
78
754
,
217
78
784
,
217
78
793
,
218
78
793
,
218
78
785
,
218
78
785
,
218
78
794
,
219
78
794
,
219
77
814
,
220
77
814
,
220
77
793
,
220
77
751
,
221
77
751
,
221
77
742
,
221
77
742
,
221
77
751
,
222
77
751
,
222
77
772
,
222
77
772
,
223
77
772
,
223
77
781
,
223
77
781
,
223
77
805
,
224
77
805
,
224
77
805
,
224
77
800
,
225
77
800
,
225
77
800
,
225
77
800
,
225
77
804
,
224
77
804
,
224
76
764
,
224
76
818
,
222
76
818
,
222
76
735
,
213
76
735
,
213
76
755
,
212
76
755
,
212
77
742
,
212
77
743
,
211
77
743
,
211
78
750
,
213
78
750
,
213
78
738
,
215
78
738
,
215
79
736
,
215
80
753
,
216
80
753
,
216
79
791
,
217
79
791
,
217
79
819
,
217
79
819
,
217
78
836
,
217
77
848
,
218
77
848
,
218
77
824
,
219
77
824
,
219
76
779
,
220
76
779
,
220
76
782
,
220
76
777
,
221
76
777
,
221
75
782
,
222
75
782
,
222
75
768
,
223
75
768
,
223
75
801
,
224
75
801
,
224
75
812
,
224
75
829
,
224
75
829
,
224
76
775
,
225
76
775
,
225
76
779
,
221
76
779
,
221
76
750
,
221
77
759
,
209
77
759
,
209
76
791
,
204
76
791
,
204
76
785
,
203
76
785
,
203
77
757
,
203
77
761
,
205
77
761
,
205
77
762
,
206
77
762
,
206
78
750
,
207
78
750
,
207
79
745
,
207
79
752
,
209
79
752
,
209
79
755
,
209
79
755
,
209
79
751
,
211
79
751
,
211
79
742
,
211
80
759
,
210
80
759
,
210
79
778
,
208
79
778
,
208
79
788
,
199
79
788
,
199
79
789
,
199
78
798
,
198
78
798
,
198
78
788
,
199
78
788
,
199
78
772
,
199
80
557
,
201
80
557
,
201
79
868
,
198
79
868
,
198
78
797
,
185
78
797
,
185
78
739
,
184
78
739
,
184
78
761
,
184
78
793
,
184
78
793
,
184
78
816
,
186
78
816
,
186
78
821
,
187
78
821
,
187
77
819
,
187
77
819
,
187
77
828
,
187
74
824
,
187
74
824
,
187
75
821
,
189
75
821
,
189
75
797
,
191
75
797
,
191
74
799
,
192
74
799
,
192
74
789
,
192
74
766
,
193
74
766
,
193
75
738
,
195
75
738
,
195
76
722
,
195
77
708
,
192
77
708
,
192
78
715
,
189
78
715
,
189
79
735
,
190
79
735
,
190
80
768
,
190
80
790
,
191
80
790
,
191
80
811
,
193
80
811
,
193
79
844
,
195
79
844
,
195
78
857
,
195
78
857
,
195
77
812
,
195
77
791
,
197
77
791
,
197
76
804
,
197
76
804
,
197
75
798
,
199
75
798
,
199
75
771
,
199
75
771
,
199
75
755
,
199
75
775
,
201
75
775
,
201
75
790
,
202
75
790
,
202
75
804
,
202
75
804
,
202
76
774
,
202
77
762
,
203
77
762
,
203
77
780
,
204
77
780
,
204
77
795
,
205
77
795
,
205
77
791
,
205
77
761
,
206
77
761
,
206
77
760
,
206
77
760
,
206
77
752
,
203
77
752
,
203
78
746
,
203
78
728
,
201
78
728
,
201
79
734
,
202
79
734
,
202
79
751
,
202
79
763
,
203
79
763
,
203
80
757
,
204
80
757
,
204
80
751
,
206
80
751
,
206
80
757
,
206
80
755
,
206
80
755
,
206
80
746
,
205
80
746
,
205
80
736
,
206
80
736
,
206
80
747
,
206
80
753
,
207
80
753
,
207
80
760
,
209
80
760
,
209
80
749
,
209
80
749
,
209
80
766
,
209
79
779
,
209
79
779
,
209
79
793
,
210
79
793
,
210
79
784
,
211
79
784
,
211
79
762
,
211
78
763
,
212
78
763
,
212
78
753
,
213
78
753
,
213
78
736
,
213
79
711
,
214
79
711
,
214
80
695
,
214
80
695
,
214
80
678
,
214
82
667
,
214
82
667
,
214
83
657
,
214
83
657
,
214
85
662
,
214
86
669
,
215
86
669
,
215
87
702
,
216
87
702
,
216
86
765
,
216
86
765
,
216
85
821
,
216
84
824
,
217
84
824
,
217
82
869
,
218
82
869
,
218
80
891
,
219
80
891
,
219
78
878
,
219
78
878
,
219
76
805
,
220
76
805
,
220
75
765
,
220
74
757
,
219
74
757
,
219
74
761
,
215
74
761
,
215
74
758
,
215
74
758
,
215
74
747
,
215
75
772
,
216
75
772
,
216
76
812
,
216
76
812
,
216
76
852
,
219
76
852
,
219
78
645
,
219
78
645
,
219
77
971
,
219
75
962
,
218
75
962
,
218
74
850
,
218
74
850
,
218
73
842
,
219
73
842
,
219
74
649
,
215
74
649
,
215
72
935
,
197
72
935
,
197
72
854
,
197
72
720
,
185
72
720
,
185
74
730
,
149
74
730
,
149
73
723
,
149
75
743
,
124
75
743
,
124
77
730
,
115
77
730
,
115
78
728
,
115
78
728
,
115
79
752
,
115
78
765
,
124
78
765
,
124
80
749
,
122
80
749
,
122
81
744
,
127
81
744
,
127
81
765
,
127
80
770
,
129
80
770
,
129
80
755
,
129
80
755
,
129
80
738
,
129
80
738
,
129
80
757
,
129
79
770
,
132
79
770
,
132
79
774
,
135
79
774
,
135
79
748
,
