
261
70
907
,
261
67
949
,
261
67
949
,
261
67
935
,
261
67
935
,
261
68
854
,
261
68
854
,
261
68
838
,
262
68
838
,
262
68
849
,
262
67
858
,
262
67
858
,
262
68
814
,
263
68
814
,
263
69
821
,
264
69
821
,
264
69
866
,
263
69
866
,
263
70
810
,
263
72
737
,
264
72
737
,
264
72
858
,
265
72
858
,
265
73
788
,
261
73
788
,
261
74
743
,
261
75
726
,
241
75
726
,
241
76
714
,
242
76
714
,
242
77
699
,
245
77
699
,
245
78
712
,
245
80
753
,
245
80
753
,
245
80
766
,
246
80
766
,
246
79
801
,
248
79
801
,
248
79
873
,
250
79
873
,
250
78
930
,
250
76
896
,
252
76
896
,
252
74
915
,
253
74
915
,
253
72
933
,
253
72
933
,
253
71
881
,
254
71
881
,
254
70
837
,
254
70
837
,
254
69
838
,
260
69
838
,
260
69
809
,
260
69
828
,
247
69
828
,
247
69
873
,
242
69
873
,
242
69
880
,
236
69
880
,
236
69
852
,
240
69
852
,
240
70
871
,
232
70
871
,
232
70
904
,
232
70
904
,
232
70
884
,
232
70
890
,
242
70
890
,
242
69
919
,
245
69
919
,
245
68
907
,
246
68
907
,
246
68
837
,
250
68
837
,
250
68
841
,
251
68
841
,
251
69
836
,
251
69
796
,
250
69
796
,
250
70
798
,
250
70
798
,
250
70
823
,
252
70
823
,
252
71
805
,
252
72
799
,
253
72
799
,
253
73
833
,
254
73
833
,
254
73
854
,
255
73
854
,
255
73
837
,
256
73
837
,
256
73
862
,
257
73
862
,
257
72
890
,
271
72
890
,
271
72
884
,
271
71
867
,
272
71
867
,
272
70
881
,
274
70
881
,
274
70
839
,
275
70
839
,
275
70
787
,
275
70
787
,
275
71
800
,
277
71
800
,
277
71
842
,
277
70
875
,
278
70
875
,
278
70
849
,
279
70
849
,
279
70
897
,
280
70
897
,
280
70
924
,
282
70
924
,
282
70
888
,
283
70
888
,
283
70
876
,
284
70
876
,
284
70
873
,
284
70
809
,
279
70
809
,
279
70
775
,
277
70
775
,
277
70
774
,
278
70
774
,
278
71
756
,
278
72
804
,
264
72
804
,
264
72
871
,
257
72
871
,
257
72
901
,
258
72
901
,
258
72
898
,
260
72
898
,
260
71
933
,
260
71
933
,
260
71
926
,
262
71
926
,
262
71
867
,
262
70
884
,
264
70
884
,
264
69
842
,
262
69
842
,
262
69
797
,
261
69
797
,
261
69
789
,
252
69
789
,
252
69
798
,
252
70
789
,
242
70
789
,
242
71
790
,
247
71
790
,
247
72
824
,
247
72
824
,
247
73
867
,
249
73
867
,
249
73
826
,
249
74
821
,
251
74
821
,
251
74
834
,
250
74
834
,
250
74
802
,
250
74
802
,
250
73
835
,
250
75
629
,
249
75
629
,
249
74
929
,
248
74
929
,
248
72
1019
,
248
72
1019
,
248
71
870
,
251
71
870
,
251
71
864
,
253
71
864
,
253
71
826
,
255
71
826
,
255
71
845
,
253
71
845
,
253
71
883
,
253
71
694
,
254
71
694
,
254
70
1050
,
253
70
1050
,
253
67
970
,
246
67
970
,
246
67
918
,
249
67
918
,
249
68
863
,
254
68
863
,
254
68
868
,
254
68
868
,
254
68
868
,
261
68
868
,
261
68
851
,
261
68
860
,
259
68
860
,
259
68
864
,
260
68
864
,
260
69
605
,
261
69
605
,
261
69
990
,
259
69
990
,
259
70
883
,
259
71
804
,
255
71
804
,
255
72
786
,
258
72
786
,
258
72
807
,
263
72
807
,
263
72
860
,
264
72
860
,
264
72
918
,
264
72
918
,
264
71
935
,
264
71
935
,
264
70
984
,
266
70
984
,
266
67
981
,
267
67
981
,
267
67
949
,
267
67
945
,
267
67
945
,
267
66
885
,
267
66
885
,
267
66
856
,
265
66
856
,
265
65
872
,
263
65
872
,
263
65
857
,
254
65
857
,
254
66
810
,
254
67
813
,
245
67
813
,
245
68
831
,
245
68
831
,
245
69
817
,
243
69
817
,
243
70
846
,
243
70
846
,
243
71
860
,
243
72
793
,
243
72
793
,
243
73
727
,
243
73
727
,
243
74
718
,
236
74
718
,
236
75
765
,
236
76
768
,
233
76
768
,
233
76
807
,
236
76
807
,
236
76
840
,
238
76
840
,
238
75
859
,
238
75
859
,
238
75
857
,
239
75
857
,
239
75
856
,
239
75
826
,
239
75
826
,
239
74
824
,
240
74
824
,
240
73
856
,
241
73
856
,
241
72
894
,
241
72
894
,
241
71
791
,
242
71
791
,
242
70
965
,
242
70
899
,
242
70
899
,
242
70
858
,
242
70
858
,
242
70
838
,
243
70
838
,
243
70
791
,
243
70
791
,
243
71
778
,
243
71
787
,
244
71
787
,
244
71
846
,
245
71
846
,
245
71
889
,
245
71
889
,
245
70
923
,
246
70
923
,
246
70
944
,
246
70
944
,
246
70
950
,
247
70
950
,
247
69
909
,
248
69
909
,
248
69
850
,
248
69
862
,
248
69
862
,
248
68
866
,
249
68
866
,
249
67
882
,
250
67
882
,
250
67
842
,
251
67
842
,
251
67
878
,
251
67
878
,
251
67
920
,
252
67
920
,
252
68
917
,
252
68
917
,
252
68
911
,
252
68
933
,
253
68
933
,
253
67
888
,
255
67
888
,
255
67
873
,
255
67
873
,
255
67
883
,
256
67
883
,
256
67
849
,
257
67
849
,
257
67
843
,
258
67
843
,
258
67
874
,
258
68
854
,
259
68
854
,
259
69
839
,
259
69
839
,
259
69
855
,
260
69
855
,
260
70
858
,
262
70
858
,
262
70
840
,
263
70
840
,
263
70
860
,
263
70
886
,
262
70
886
,
262
70
884
,
263
70
884
,
263
70
823
,
264
70
823
,
264
70
824
,
266
70
824
,
266
71
815
,
266
71
807
,
266
71
807
,
266
72
766
,
267
72
766
,
267
73
770
,
268
73
770
,
268
73
788
,
269
73
788
,
269
73
805
,
269
74
844
,
270
74
844
,
270
74
863
,
271
74
863
,
271
74
840
,
271
74
840
,
271
74
829
,
272
74
829
,
272
73
855
,
274
73
855
,
274
73
874
,
274
74
640
,
275
74
640
,
275
72
1039
,
275
72
1039
,
275
70
943
,
277
70
943
,
277
70
876
,
277
70
876
,
277
70
838
,
278
70
838
,
278
70
836
,
278
70
846
,
279
70
846
,
279
71
646
,
280
71
646
,
280
70
1010
,
280
70
1010
,
280
70
928
,
282
70
928
,
282
70
642
,
283
70
642
,
283
70
1030
,
283
70
1030
,
283
70
930
,
283
70
894
,
284
70
894
,
284
70
860
,
278
70
860
,
278
70
813
,
273
70
813
,
273
70
837
,
275
70
837
,
275
68
865
,
277
68
865
,
277
69
870
,
277
70
869
,
278
70
869
,
278
67
926
,
274
67
926
,
274
68
953
,
275
68
953
,
275
68
898
,
277
68
898
,
277
68
892
,
278
68
892
,
278
68
898
,
279
68
898
,
279
68
863
,
280
68
863
,
280
67
859
,
280
67
879
,
280
67
879
,
280
68
848
,
281
68
848
,
281
68
801
,
281
68
801
,
281
69
809
,
282
69
809
,
282
70
852
,
283
70
852
,
283
70
877
,
283
70
867
,
283
70
867
,
283
70
899
,
284
70
899
,
284
70
915
,
285
70
915
,
285
70
870
,
285
70
870
,
285
70
878
,
286
70
878
,
286
71
690
,
287
71
690
,
287
69
1069
,
288
69
1069
,
288
68
911
,
288
68
867
,
288
68
867
,
288
68
861
,
289
68
861
,
289
68
837
,
290
68
837
,
290
70
641
,
290
70
641
,
290
69
1020
,
292
69
1020
,
292
68
1087
,
292
68
1087
,
292
67
912
,
293
67
912
,
293
66
925
,
293
67
922
,
294
67
922
,
294
67
899
,
294
67
899
,
294
67
852
,
295
67
852
,
295
67
858
,
296
67
858
,
296
67
879
,
296
67
879
,
296
65
856
,
296
65
856
,
296
67
789
,
296
69
785
,
296
69
785
,
296
71
654
,
288
71
654
,
288
71
1004
,
285
71
1004
,
285
70
1006
,
283
70
1006
,
283
70
840
,
286
70
840
,
286
70
861
,
286
70
838
,
287
70
838
,
287
71
798
,
288
71
798
,
288
71
818
,
289
71
818
,
289
71
788
,
289
73
600
,
289
73
600
,
289
71
942
,
290
71
942
,
290
72
842
,
289
72
842
,
289
74
774
,
289
74
774
,
289
75
790
,
290
75
790
,
290
75
815
,
290
75
789
,
290
75
789
,
290
75
818
,
289
75
818
,
289
74
947
,
290
74
947
,
290
72
1043
,
290
72
1043
,
290
68
1015
,
289
68
1015
,
289
71
622
,
291
71
622
,
291
70
965
,
291
70
826
,
291
70
826
,
291
70
728
,
292
70
728
,
292
71
705
,
292
71
705
,
292
72
683
,
292
73
671
,
293
73
671
,
293
76
672
,
293
76
672
,
293
79
674
,
293
83
709
,
294
83
709
,
294
81
781
,
295
81
781
,
295
83
782
,
295
83
782
,
295
84
746
,
295
83
808
,
296
83
808
,
296
82
831
,
295
82
831
,
295
80
785
,
296
80
785
,
296
79
807
,
296
78
763
,
296
78
763
,
296
78
721
,
297
78
721
,
297
77
731
,
297
77
731
,
297
78
760
,
297
77
800
,
298
77
800
,
298
77
824
,
298
77
824
,
298
77
816
,
298
77
816
,
298
77
791
,
298
77
756
,
297
77
756
,
297
78
712
,
292
78
712
,
292
79
683
,
292
79
683
,
292
79
715
,
292
79
765
,
293
79
765
,
293
78
815
,
293
78
815
,
293
78
807
,
294
78
807
,
294
77
901
,
294
77
901
,
294
76
978
,
294
76
978
,
294
74
926
,
295
74
926
,
295
73
969
,
295
71
939
,
295
71
939
,
295
69
866
,
295
69
866
,
295
68
879
,
296
68
879
,
296
67
876
,
296
67
876
,
296
67
838
,
297
67
838
,
297
66
862
,
298
66
862
,
298
66
893
,
298
67
854
,
297
67
854
,
297
68
874
,
298
68
874
,
298
68
904
,
298
68
904
,
298
69
890
,
299
69
890
,
299
69
877
,
299
69
877
,
299
68
893
,
299
68
893
,
299
68
885
,
299
68
885
,
299
68
851
,
299
68
871
,
300
68
871
,
300
68
899
,
300
68
899
,
300
68
891
,
300
68
891
,
300
68
860
,
301
68
860
,
301
68
890
,
301
68
890
,
301
68
895
,
301
68
895
,
301
69
773
,
301
69
938
,
302
69
938
,
302
68
897
,
302
68
897
,
302
69
843
,
302
69
843
,
302
69
834
,
302
69
834
,
302
69
853
,
303
69
853
,
303
70
845
,
303
70
831
,
303
70
831
,
303
70
893
,
303
70
893
,
303
69
937
,
303
69
937
,
303
69
887
,
304
69
887
,
304
69
895
,
304
69
895
,
304
69
912
,
305
69
912
,
305
69
868
,
305
69
868
,
305
68
863
,
305
68
875
,
306
68
875
,
306
68
856
,
306
68
856
,
306
68
850
,
306
68
850
,
306
68
875
,
306
68
875
,
306
68
888
,
307
68
888
,
307
69
845
,
308
69
845
,
308
69
869
,
308
69
877
,
308
69
877
,
308
71
616
,
308
71
616
,
308
70
1029
,
308
70
1029
,
308
70
919
,
309
70
919
,
309
70
827
,
309
71
742
,
309
71
742
,
309
72
709
,
309
72
709
,
309
73
747
,
308
73
747
,
308
73
847
,
303
73
847
,
303
72
1010
,
303
72
1010
,
303
70
1087
,
304
70
1087
,
304
67
1042
,
305
67
1042
,
305
67
1032
,
305
67
1032
,
305
66
1040
,
306
66
1040
,
306
65
1020
,
306
65
1020
,
306
63
990
,
307
63
990
,
307
62
940
,
308
62
940
,
308
61
889
,
308
60
878
,
308
60
878
,
308
61
874
,
309
61
874
,
309
63
860
,
309
63
860
,
309
64
841
,
308
64
841
,
308
65
852
,
309
65
852
,
309
67
852
,
310
67
852
,
310
68
845
,
310
69
839
,
310
69
839
,
310
70
853
,
311
70
853
,
311
70
878
,
311
70
878
,
311
70
886
,
311
70
886
,
311
70
831
,
312
70
831
,
312
71
809
,
312
72
635
,
312
72
635
,
312
72
956
,
312
72
956
,
312
72
856
,
312
72
856
,
312
72
818
,
313
72
818
,
313
71
888
,
313
71
937
,
311
71
937
,
311
70
918
,
311
70
918
,
311
70
874
,
312
70
874
,
312
70
908
,
312
70
908
,
312
69
925
,
313
69
925
,
313
67
895
,
313
67
895
,
313
68
826
,
313
68
826
,
313
68
826
,
313
68
830
,
313
68
830
,
313
68
830
,
312
68
830
,
312
70
733
,
312
70
733
,
312
70
940
,
312
70
940
,
312
70
898
,
313
70
898
,
313
70
849
,
313
71
813
,
314
71
813
,
314
72
816
,
314
72
816
,
314
72
833
,
315
72
833
,
315
72
755
,
315
72
755
,
315
71
997
,
315
70
936
,
315
70
936
,
315
69
909
,
316
69
909
,
316
69
876
,
316
69
876
,
316
69
892
,
316
69
892
,
316
69
894
,
317
69
894
,
317
68
866
,
317
68
866
,
317
68
846
,
318
68
846
,
318
68
865
,
318
67
872
,
317
67
872
,
317
69
740
,
318
69
740
,
318
69
972
,
318
69
972
,
318
69
888
,
319
69
888
,
319
69
855
,
319
69
855
,
319
70
829
,
319
70
839
,
319
70
839
,
319
70
870
,
319
70
870
,
319
70
893
,
319
70
893
,
319
70
871
,
320
70
871
,
320
69
908
,
320
69
908
,
320
68
934
,
320
68
934
,
320
70
703
,
320
70
703
,
320
69
1052
,
320
68
915
,
320
68
915
,
320
70
634
,
321
70
634
,
321
68
989
,
322
68
989
,
322
68
869
,
322
68
869
,
322
69
830
,
322
69
830
,
322
69
851
,
322
70
850
,
322
70
850
,
322
70
906
,
322
70
906
,
322
68
972
,
323
68
972
,
323
69
906
,
323
69
906
,
323
69
947
,
323
69
947
,
323
66
960
,
324
66
960
,
324
67
889
,
323
67
889
,
323
67
875
,
324
67
875
,
324
66
867
,
324
67
832
,
324
67
832
,
324
67
808
,
324
67
808
,
324
67
835
,
325
67
835
,
325
69
820
,
324
69
820
,
324
69
811
,
324
70
816
,
325
70
816
,
325
71
845
,
325
71
845
,
325
74
622
,
325
74
622
,
325
73
1012
,
326
73
1012
,
326
72
904
,
325
72
904
,
325
72
856
,
325
72
814
,
325
72
814
,
325
72
782
,
325
72
782
,
325
74
662
,
325
74
662
,
325
71
1114
,
326
71
1114
,
326
70
948
,
325
70
948
,
325
70
873
,
326
70
873
,
326
68
919
,
326
68
937
,
326
68
937
,
326
68
907
,
326
68
907
,
326
68
931
,
326
68
931
,
326
66
955
,
326
66
955
,
326
66
894
,
326
66
894
,
326
64
893
,
327
64
893
,
327
66
900
,
326
66
900
,
326
66
862
,
327
66
862
,
327
66
848
,
327
67
841
,
327
67
841
,
327
68
852
,
327
68
852
,
327
68
826
,
327
68
826
,
327
69
849
,
327
69
849
,
327
70
851
,
328
70
851
,
328
70
869
,
328
70
859
,
328
70
859
,
328
70
879
,
328
70
879
,
328
70
860
,
328
70
860
,
328
70
860
,
328
70
860
,
328
70
813
,
328
70
813
,
328
71
796
,
328
72
649
,
328
72
649
,
328
72
851
,
327
72
851
,
327
73
814
,
327
75
644
,
326
75
644
,
326
74
899
,
326
74
899
,
326
74
872
,
327
74
872
,
327
74
871
,
327
74
871
,
327
74
865
,
327
74
865
,
327
74
847
,
326
74
847
,
326
73
888
,
326
71
879
,
327
71
879
,
327
71
845
,
327
71
845
,
327
71
836
,
328
71
836
,
328
69
866
,
328
69
866
,
328
69
910
,
327
69
910
,
327
69
879
,
328
69
879
,
328
69
898
,
328
69
907
,
328
69
907
,
328
68
882
,
328
68
882
,
328
69
819
,
328
69
819
,
328
69
842
,
328
69
842
,
328
69
853
,
329
69
853
,
329
69
859
,
329
69
822
,
328
69
822
,
328
70
848
,
329
70
848
,
329
70
817
,
328
70
817
,
328
71
746
,
328
71
746
,
328
70
1041
,
329
70
1041
,
329
70
945
,
329
71
626
,
328
71
626
,
328
71
940
,
329
71
940
,
329
69
1051
,
328
69
1051
,
328
69
883
,
328
69
883
,
328
69
818
,
328
69
818
,
328
69
847
,
328
69
847
,
328
68
896
,
328
67
922
,
328
67
922
,
328
68
891
,
328
68
891
,
328
68
929
,
328
68
929
,
328
66
959
,
328
66
959
,
328
66
922
,
328
66
922
,
328
67
905
,
328
67
905
,
328
67
914
,
329
67
914
,
329
66
900
,
329
66
900
,
329
66
878
,
329
66
878
,
329
66
897
,
329
66
884
,
329
66
884
,
329
67
832
,
328
67
832
,
328
67
803
,
329
67
803
,
329
69
819
,
329
69
819
,
329
69
815
,
329
70
810
,
328
70
810
,
328
71
791
,
328
71
791
,
328
74
592
,
329
74
592
,
329
73
942
,
329
74
794
,
329
74
794
,
329
75
761
,
329
75
761
,
329
76
800
,
329
76
800
,
329
75
928
,
329
75
928
,
329
73
969
,
329
73
969
,
329
72
895
,
329
72
895
,
329
72
895
,
329
71
904
,
329
71
904
,
329
70
642
,
329
70
642
,
329
70
1032
,
329
70
1032
,
329
69
925
,
329
69
925
,
329
68
889
,
329
68
889
,
329
67
867
,
329
67
867
,
329
68
843
,
329
68
896
,
329
68
896
,
329
68
930
,
329
68
930
,
329
68
940
,
330
68
940
,
330
67
925
,
329
67
925
,
329
65
945
,
329
65
945
,
329
66
935
,
330
66
935
,
330
66
884
,
330
66
884
,
330
66
908
,
330
66
908
,
330
66
914
,
330
67
704
,
329
67
704
,
329
66
1018
,
330
66
1018
,
330
66
930
,
330
66
930
,
330
66
873
,
330
66
873
,
330
67
843
,
330
67
843
,
330
68
863
,
330
69
709
,
330
69
709
,
331
69
709
,
331
68
1120
,
331
67
939
,
330
67
939
,
330
67
906
,
330
67
906
,
330
66
905
,
331
66
905
,
331
67
831
,
330
67
831
,
330
69
648
,
329
69
648
,
329
68
1049
,
329
68
1049
,
329
67
955
,
328
67
955
,
328
67
858
,
328
66
854
,
329
66
854
,
329
68
901
,
329
68
901
,
329
68
907
,
329
68
907
,
329
68
876
,
329
68
876
,
329
68
894
,
330
68
894
,
330
68
916
,
329
68
916
,
329
66
913
,
329
66
913
,
329
67
882
,
329
67
904
,
330
67
904
,
330
67
912
,
329
67
912
,
329
67
888
,
330
67
888
,
330
67
848
,
329
67
848
,
329
67
861
,
329
67
861
,
329
67
883
,
330
67
883
,
330
67
887
,
330
68
851
,
329
68
851
,
329
68
876
,
330
68
876
,
330
68
887
,
330
68
887
,
330
68
883
,
330
68
883
,
330
69
838
,
330
71
610
,
330
71
610
,
330
70
974
,
330
70
974
,
330
71
821
,
330
71
821
,
330
72
723
,
330
72
723
,
330
73
707
,
330
75
714
,
330
75
714
,
330
76
720
,
330
76
720
,
330
77
771
,
330
77
771
,
330
77
927
,
330
77
927
,
330
75
1012
,
330
75
1012
,
330
72
943
,
330
72
950
,
330
72
950
,
330
71
987
,
330
71
987
,
330
69
957
,
330
69
957
,
330
68
865
,
331
68
865
,
331
67
848
,
330
67
848
,
330
66
848
,
331
66
848
,
331
65
853
,
331
65
853
,
331
66
814
,
331
67
837
,
331
67
837
,
331
68
872
,
331
68
872
,
331
68
900
,
331
68
900
,
331
69
865
,
330
69
865
,
330
70
846
,
331
70
846
,
331
70
863
,
331
70
863
,
331
70
886
,
331
72
641
,
331
72
641
,
331
70
1043
,
331
70
1043
,
331
69
928
,
331
69
928
,
331
71
610
,
331
71
610
,
331
71
925
,
331
72
778
,
332
72
778
,
332
73
715
,
331
73
715
,
331
73
778
,
330
73
778
,
330
73
900
,
330
73
900
,
330
72
1022
,
329
72
1022
,
329
69
970
,
330
69
970
,
330
70
978
,
330
70
978
,
330
69
1021
,
330
69
1021
,
330
66
1004
,
330
66
927
,
331
66
927
,
331
65
949
,
330
65
949
,
330
63
939
,
330
63
939
,
330
62
933
,
330
62
933
,
330
62
877
,
330
62
877
,
330
64
830
,
331
64
830
,
331
65
843
,
330
65
843
,
330
65
864
,
330
66
860
,
330
66
860
,
330
70
608
,
331
70
608
,
331
69
1018
,
330
69
1018
,
330
69
899
,
331
69
899
,
331
70
849
,
331
70
849
,
331
71
843
,
331
71
834
,
331
71
834
,
331
71
844
,
331
71
844
,
331
71
868
,
331
71
868
,
331
71
859
,
331
71
859
,
331
71
813
,
331
71
635
,
331
71
635
,
331
70
1099
,
331
70
1099
,
331
70
984
,
331
70
984
,
331
69
920
,
331
69
920
,
331
69
900
,
332
69
900
,
332
68
909
,
331
68
909
,
331
70
646
,
331
70
646
,
331
68
1064
,
332
68
1064
,
332
68
916
,
331
68
916
,
331
67
855
,
331
66
851
,
331
66
851
,
331
67
854
,
331
67
854
,
331
68
886
,
332
68
886
,
332
68
895
,
331
68
895
,
331
68
910
,
332
68
910
,
332
68
945
,
331
68
945
,
331
66
952
,
331
66
952
,
331
67
936
,
332
67
936
,
332
66
957
,
332
66
950
,
332
66
950
,
332
65
891
,
332
65
891
,
332
65
857
,
332
65
857
,
332
66
857
,
332
66
857
,
332
66
862
,
332
66
862
,
332
66
816
,
332
68
770
,
332
68
770
,
332
70
737
,
332
70
737
,
332
71
727
,
332
73
743
,
332
73
743
,
332
75
778
,
330
75
778
,
330
75
829
,
328
75
829
,
328
75
861
,
327
75
861
,
327
75
860
,
327
76
782
,
327
76
782
,
327
76
774
,
328
76
774
,
328
76
781
,
326
76
781
,
326
75
821
,
327
75
821
,
327
74
833
,
327
74
841
,
327
74
841
,
327
73
889
,
327
73
889
,
327
72
926
,
327
72
926
,
327
71
891
,
327
71
891
,
327
71
908
,
327
71
908
,
327
70
933
,
327
70
933
,
327
69
894
,
327
69
894
,
327
68
832
,
327
69
800
,
328
69
800
,
328
69
749
,
327
69
749
,
327
70
701
,
327
72
693
,
328
72
693
,
328
74
671
,
327
74
671
,
327
76
677
,
327
79
638
,
328
79
638
,
328
82
699
,
328
82
699
,
328
83
778
,
328
83
778
,
328
82
933
,
328
82
933
,
328
80
974
,
328
80
974
,
328
77
993
,
328
75
947
,
328
75
947
,
328
73
892
,
327
73
892
,
327
72
846
,
326
72
846
,
326
70
822
,
326
70
822
,
326
69
772
,
326
69
772
,
326
69
793
,
326
68
842
,
325
68
842
,
325
68
941
,
324
68
941
,
324
68
990
,
323
68
990
,
323
68
916
,
323
68
916
,
323
68
954
,
324
68
954
,
324
68
899
,
322
68
899
,
322
68
918
,
321
68
918
,
321
67
960
,
321
67
960
,
321
66
947
,
321
66
947
,
321
65
887
,
321
65
869
,
321
65
869
,
321
65
866
,
321
65
866
,
321
66
865
,
321
66
865
,
321
67
837
,
321
67
837
,
321
67
843
,
321
67
843
,
321
68
846
,
321
69
825
,
321
69
825
,
321
70
843
,
321
70
843
,
321
70
848
,
321
70
848
,
321
70
875
,
321
70
875
,
321
71
850
,
320
71
850
,
320
71
847
,
320
71
805
,
320
71
805
,
320
72
785
,
318
72
785
,
318
72
763
,
318
74
628
,
305
74
628
,
305
74
893
,
282
74
893
,
282
74
811
,
281
74
811
,
281
75
785
,
285
75
785
,
285
75
803
,
287
75
803
,
287
75
850
,
287
74
946
,
288
74
946
,
288
73
946
,
289
73
946
,
289
72
960
,
289
72
960
,
289
70
953
,
289
70
953
,
289
68
887
,
289
68
887
,
289
68
883
,
289
68
883
,
289
67
885
,
289
67
885
,
289
67
889
,
289
67
889
,
289
66
838
,
289
67
810
,
289
67
810
,
289
68
800
,
290
68
800
,
290
69
787
,
289
69
787
,
289
71
766
,
289
72
742
,
290
72
742
,
290
74
759
,
290
74
759
,
290
74
797
,
290
74
797
,
290
74
922
,
290
74
922
,
290
73
978
,
290
73
978
,
290
72
933
,
290
72
933
,
290
72
883
,
290
71
888
,
291
71
888
,
291
70
886
,
291
70
886
,
291
69
885
,
291
69
885
,
291
68
870
,
290
68
870
,
290
69
635
,
290
69
635
,
290
67
1138
,
290
67
1138
,
290
66
1001
,
286
66
1001
,
286
66
911
,
286
67
898
,
284
67
898
,
284
67
901
,
285
67
901
,
285
68
645
,
285
68
645
,
285
67
1095
,
285
67
1095
,
285
66
997
,
283
66
997
,
283
66
919
,
282
66
919
,
282
64
904
,
282
64
904
,
282
65
906
,
282
65
906
,
282
66
893
,
282
67
863
,
283
67
863
,
283
67
887
,
273
67
887
,
273
66
923
,
271
66
923
,
271
65
910
,
274
65
910
,
274
66
905
,
274
66
905
,
274
66
940
,
273
66
940
,
273
66
936
,
273
66
936
,
273
66
887
,
274
66
887
,
274
67
858
,
274
67
885
,
275
67
885
,
275
67
882
,
275
67
882
,
275
67
877
,
276
67
877
,
276
67
853
,
277
67
853
,
277
67
877
,
277
67
877
,
277
67
906
,
277
67
906
,
277
68
863
,
277
69
848
,
278
69
848
,
278
69
863
,
275
69
863
,
275
69
859
,
274
69
859
,
274
69
843
,
275
69
843
,
275
69
851
,
275
69
851
,
275
69
872
,
275
69
872
,
275
69
863
,
275
70
827
,
276
70
827
,
276
70
857
,
276
70
857
,
276
70
873
,
277
70
873
,
277
70
844
,
277
70
844
,
277
70
831
,
277
70
831
,
277
70
859
,
277
70
873
,
277
70
873
,
277
70
841
,
278
70
841
,
278
71
840
,
278
71
840
,
278
70
872
,
278
70
872
,
278
70
886
,
278
70
886
,
278
70
859
,
278
70
869
,
279
70
869
,
279
70
899
,
279
70
899
,
279
69
873
,
279
69
873
,
279
70
769
,
267
70
769
,
267
69
951
,
250
69
951
,
250
69
836
,
247
69
836
,
247
70
787
,
247
70
792
,
245
70
792
,
245
71
778
,
251
71
778
,
251
72
768
,
255
72
768
,
255
73
745
,
255
75
749
,
257
75
749
,
257
76
764
,
257
76
764
,
257
78
530
,
257
85
304
,
253
85
304
,
253
86
767
,
253
86
741
,
234
86
741
,
234
87
717
,
212
87
717
,
212
88
728
,
205
88
728
,
205
89
727
,
205
89
724
,
209
89
724
,
209
89
732
,
214
89
732
,
214
89
742
,
214
87
733
,
218
87
733
,
218
82
708
,
220
82
708
,
220
83
705
,
222
83
705
,
222
83
713
,
222
83
718
,
221
83
718
,
221
83
736
,
223
83
736
,
223
83
759
,
223
82
753
,
226
82
753
,
226
81
799
,
228
81
799
,
228
81
824
,
229
81
824
,
229
80
811
,
231
80
811
,
231
79
777
,
231
78
769
,
232
78
769
,
232
78
758
,
234
78
758
,
234
77
764
,
234
77
764
,
234
77
784
,
234
76
823
,
235
76
823
,
235
76
828
,
236
76
828
,
236
75
845
,
237
75
845
,
237
75
880
,
238
75
880
,
238
74
880
,
238
74
880
,
238
73
875
,
238
73
809
,
239
73
809
,
239
72
802
,
239
72
802
,
239
72
800
,
213
72
800
,
213
72
826
,
196
72
826
,
196
71
856
,
196
71
836
,
205
71
836
,
205
71
864
,
209
71
864
,
209
71
892
,
212
71
892
,
212
72
824
,
211
72
824
,
211
72
813
,
207
72
813
,
207
72
823
,
207
71
869
,
210
71
869
,
210
73
639
,
213
73
639
,
213
71
1027
,
211
71
1027
,
211
71
910
,
209
71
910
,
209
71
842
,
210
71
842
,
210
71
817
,
210
72
807
,
211
72
807
,
211
72
841
,
211
72
841
,
211
71
893
,
211
71
893
,
211
70
910
,
213
70
910
,
213
70
903
,
213
70
903
,
213
68
928
,
212
68
928
,
212
68
920
,
213
68
920
,
213
69
875
,
213
69
865
,
213
69
865
,
213
68
868
,
214
68
868
,
214
68
877
,
214
68
877
,
214
68
826
,
206
68
826
,
206
69
783
,
194
69
783
,
194
69
790
,
194
70
813
,
197
70
813
,
197
71
829
,
201
71
829
,
201
72
819
,
195
72
819
,
195
72
849
,
196
72
849
,
196
72
884
,
200
72
884
,
200
72
861
,
200
72
850
,
202
72
850
,
202
72
876
,
203
72
876
,
203
71
832
,
205
71
832
,
205
71
842
,
203
71
842
,
203
71
819
,
203
76
309
,
203
79
433
,
172
79
433
,
172
81
737
,
122
81
737
,
122
82
731
,
122
84
702
,
119
84
702
,
119
86
707
,
124
86
707
,
124
88
705
,
132
88
705
,
132
90
715
,
132
91
715
,
137
91
715
,
137
93
704
,
142
93
704
,
142
87
722
,
142
84
689
,
143
84
689
,
143
84
782
,
145
84
782
,
145
83
754
,
149
83
754
,
149
83
737
,
149
82
761
,
145
82
761
,
145
81
790
,
138
81
790
,
138
80
811
,
144
80
811
,
144
79
801
,
144
79
796
,
147
79
796
,
147
78
808
,
146
78
808
,
146
76
810
,
143
76
810
,
143
76
795
,
141
76
795
,
141
76
802
,
141
75
810
,
145
75
810
,
145
75
818
,
146
75
818
,
146
75
794
,
148
75
794
,
148
75
802
,
148
76
644
,
137
76
644
,
137
74
986
,
121
74
986
,
121
74
847
,
131
74
847
,
131
74
782
,
136
74
782
,
136
74
819
,
138
74
819
,
138
74
835
,
138
75
623
,
121
75
623
,
121
74
974
,
94
74
974
,
94
73
870
,
102
73
870
,
102
73
813
,
111
73
813
,
111
72
788
,
111
74
795
,
114
74
795
,
114
74
850
,
118
74
850
,
118
73
886
,
121
73
886
,
121
72
851
,
123
72
851
,
123
72
845
,
123
72
845
,
123
70
855
,
123
72
836
,
125
72
836
,
125
72
798
,
126
72
798
,
126
72
802
,
102
72
802
,
102
72
820
,
104
72
820
,
104
72
808
,
104
72
798
,
112
72
798
,
112
73
819
,
101
73
819
,
101
73
826
,
79
73
826
,
79
73
808
,
58
73
808
,
58
74
842
,
77
74
842
,
77
73
901
,
77
72
893
,
91
72
893
,
91
72
854
,
97
72
854
,
97
71
863
,
101
71
863
,
101
71
903
,
103
71
903
,
103
70
878
,
106
70
878
,
106
70
821
,
109
70
821
,
109
70
831
,
109
69
871
,
111
69
871
,
111
69
878
,
113
69
878
,
113
69
842
,
116
69
842
,
116
70
871
,
119
70
871
,
119
69
907
,
121
69
907
,
121
69
869
,
123
69
869
,
123
70
856
,
123
70
884
,
125
70
884
,
125
69
870
,
128
69
870
,
128
69
834
,
130
69
834
,
130
69
866
,
132
69
866
,
132
69
898
,
134
69
898
,
134
69
899
,
134
69
899
,
134
68
914
,
125
68
914
,
125
68
922
,
125
68
866
,
125
68
866
,
125
68
867
,
128
68
867
,
128
68
848
,
130
68
848
,
130
69
845
,
132
69
845
,
132
68
876
,
133
68
876
,
133
68
863
,
133
69
850
,
135
69
850
,
135
69
874
,
137
69
874
,
137
69
894
,
139
69
894
,
139
69
903
,
141
69
903
,
141
69
916
,
141
69
916
,
141
69
842
,
142
69
842
,
142
69
841
,
142
69
849
,
145
69
849
,
145
69
830
,
147
69
830
,
147
69
851
,
149
69
851
,
149
69
893
,
150
69
893
,
150
69
902
,
152
69
902
,
152
69
886
,
154
69
886
,
154
69
922
,
155
69
922
,
155
69
933
,
155
68
864
,
157
68
864
,
157
68
865
,
158
68
865
,
158
68
890
,
160
68
890
,
160
68
871
,
162
68
871
,
162
67
871
,
163
67
871
,
163
68
843
,
163
69
801
,
164
69
801
,
164
69
828
,
167
69
828
,
167
70
834
,
169
70
834
,
169
71
806
,
170
71
806
,
170
71
834
,
170
71
851
,
172
71
851
,
172
71
867
,
174
71
867
,
174
72
854
,
175
72
854
,
175
74
635
,
177
74
635
,
177
71
1122
,
179
71
1122
,
179
70
950
,
180
70
950
,
180
70
819
,
180
71
756
,
182
71
756
,
182
71
774
,
170
71
774
,
170
71
798
,
156
71
798
,
156
71
900
,
157
71
900
,
157
71
848
,
157
71
880
,
162
71
880
,
162
68
924
,
165
68
924
,
165
70
938
,
167
70
938
,
167
70
889
,
169
70
889
,
169
70
827
,
171
70
827
,
171
70
792
,
171
70
738
,
173
70
738
,
173
71
697
,
174
71
697
,
174
73
704
,
176
73
704
,
176
74
710
,
176
75
771
,
177
75
771
,
177
76
819
,
179
76
819
,
179
77
817
,
181
77
817
,
181
78
863
,
182
78
863
,
182
77
894
,
184
77
894
,
184
76
910
,
184
74
901
,
186
74
901
,
186
72
893
,
188
72
893
,
188
71
844
,
189
71
844
,
189
70
827
,
191
70
827
,
191
70
848
,
193
70
848
,
193
69
881
,
195
69
881
,
195
68
930
,
197
68
930
,
197
68
925
,
197
67
931
,
199
67
931
,
199
67
962
,
201
67
962
,
201
67
958
,
202
67
958
,
202
66
942
,
204
66
942
,
204
66
895
,
206
66
895
,
206
66
884
,
208
66
884
,
208
65
885
,
209
65
885
,
209
65
885
,
211
65
885
,
211
66
885
,
211
66
823
,
212
66
823
,
212
67
844
,
214
67
844
,
214
68
877
,
215
68
877
,
215
68
904
,
217
68
904
,
217
68
895
,
218
68
895
,
218
69
854
,
219
69
854
,
219
69
849
,
219
69
857
,
222
69
857
,
222
69
874
,
223
69
874
,
223
69
873
,
215
69
873
,
215
69
832
,
210
69
832
,
210
70
767
,
210
71
753
,
212
71
753
,
212
72
770
,
209
72
770
,
209
73
812
,
199
73
812
,
199
73
875
,
191
73
875
,
191
72
874
,
180
72
874
,
180
72
879
,
180
72
892
,
174
72
892
,
174
72
911
,
157
72
911
,
157
71
870
,
154
71
870
,
154
71
828
,
155
71
828
,
155
70
807
,
155
72
618
,
152
72
618
,
152
71
936
,
153
71
936
,
153
71
815
,
158
71
815
,
158
72
758
,
161
72
758
,
161
73
752
,
161
75
757
,
162
75
757
,
162
76
803
,
162
76
803
,
162
75
880
,
165
75
880
,
165
75
892
,
168
75
892
,
168
75
768
,
170
75
768
,
170
71
1115
,
172
71
1115
,
172
70
989
,
174
70
989
,
174
70
918
,
174
68
904
,
170
68
904
,
170
67
897
,
172
67
897
,
172
66
868
,
174
66
868
,
174
66
817
,
176
66
817
,
176
67
811
,
177
67
811
,
177
68
768
,
177
68
752
,
177
68
752
,
177
71
773
,
156
71
773
,
156
72
797
,
149
72
797
,
149
73
836
,
149
74
807
,
153
74
807
,
153
75
821
,
157
75
821
,
157
75
844
,
160
75
844
,
160
74
857
,
162
74
857
,
162
74
809
,
164
74
809
,
164
74
791
,
164
74
771
,
165
74
771
,
165
74
748
,
166
74
748
,
166
75
759
,
166
75
755
,
168
75
755
,
168
76
791
,
167
76
791
,
167
75
848
,
147
75
848
,
147
75
869
,
145
75
869
,
145
75
878
,
151
75
878
,
151
74
912
,
154
74
912
,
154
73
915
,
154
72
858
,
155
72
858
,
155
71
862
,
157
71
862
,
157
70
886
,
158
70
886
,
158
69
845
,
160
69
845
,
160
69
870
,
162
69
870
,
162
68
932
,
163
68
932
,
163
67
937
,
164
67
937
,
164
67
924
,
164
67
947
,
167
67
947
,
167
67
928
,
168
67
928
,
168
67
861
,
170
67
861
,
170
67
859
,
172
67
859
,
172
67
880
,
173
67
880
,
173
67
798
,
175
67
798
,
175
66
988
,
175
67
898
,
176
67
898
,
176
67
830
,
177
67
830
,
177
68
782
,
179
68
782
,
179
70
730
,
179
72
701
,
180
72
701
,
180
73
715
,
180
73
715
,
180
75
693
,
177
75
693
,
177
76
758
,
177
77
748
,
177
77
748
,
177
78
881
,
178
78
881
,
178
77
954
,
180
77
954
,
180
76
967
,
182
76
967
,
182
77
676
,
183
77
676
,
183
73
1107
,
185
73
1107
,
185
71
974
,
186
71
974
,
186
69
889
,
186
68
813
,
188
68
813
,
188
68
811
,
189
68
811
,
189
68
808
,
191
68
808
,
191
68
846
,
192
68
846
,
192
68
902
,
194
68
902
,
194
68
937
,
194
68
937
,
194
66
962
,
196
66
962
,
196
67
988
,
197
67
988
,
197
67
994
,
197
67
890
,
199
67
890
,
199
67
849
,
201
67
849
,
201
66
852
,
200
66
852
,
200
67
725
,
203
67
725
,
203
66
1050
,
204
66
1050
,
204
66
901
,
205
66
901
,
205
66
884
,
205
66
901
,
207
66
901
,
207
67
881
,
208
67
881
,
208
68
869
,
210
68
869
,
210
68
880
,
210
68
880
,
210
68
884
,
213
68
884
,
213
68
867
,
213
68
867
,
213
67
822
,
213
69
807
,
214
69
807
,
214
70
780
,
215
70
780
,
215
71
707
,
217
71
707
,
217
73
775
,
217
74
751
,
218
74
751
,
218
75
710
,
219
75
710
,
219
77
700
,
219
79
721
,
221
79
721
,
221
81
650
,
222
81
650
,
222
82
696
,
222
83
717
,
223
83
717
,
223
83
830
,
224
83
830
,
224
80
928
,
226
80
928
,
226
78
958
,
226
78
958
,
226
77
922
,
228
77
922
,
228
75
883
,
229
75
883
,
229
74
810
,
229
73
804
,
229
73
804
,
229
72
820
,
231
72
820
,
231
70
847
,
232
70
847
,
232
69
869
,
232
71
654
,
232
71
654
,
232
70
1042
,
234
70
1042
,
234
70
906
,
235
70
906
,
235
70
879
,
236
70
879
,
236
70
915
,
236
70
915
,
236
70
869
,
237
70
869
,
237
69
841
,
238
69
841
,
238
69
843
,
239
69
843
,
239
69
880
,
239
70
786
,
240
70
786
,
240
67
999
,
241
67
999
,
241
68
927
,
242
68
927
,
242
68
911
,
242
68
911
,
242
68
847
,
244
68
847
,
244
69
848
,
244
69
848
,
244
69
853
,
244
69
860
,
245
69
860
,
245
69
845
,
247
69
845
,
247
69
872
,
247
69
872
,
247
68
909
,
248
68
909
,
248
68
909
,
249
68
909
,
249
71
648
,
249
71
648
,
249
70
1009
,
249
70
854
,
250
70
854
,
250
70
770
,
251
70
770
,
251
71
785
,
251
71
785
,
251
72
756
,
251
72
769
,
252
72
769
,
252
73
849
,
253
73
849
,
253
73
889
,
254
73
889
,
254
73
867
,
254
73
867
,
254
71
869
,
255
71
869
,
255
72
916
,
256
72
916
,
256
72
910
,
256
71
805
,
257
71
805
,
257
72
686
,
258
72
686
,
258
70
986
,
258
70
986
,
258
70
814
,
259
70
814
,
259
71
749
,
259
72
733
,
260
72
733
,
260
73
711
,
261
73
711
,
261
75
698
,
261
77
696
,
261
77
696
,
261
79
688
,
262
79
688
,
262
81
672
,
262
81
671
,
262
81
671
,
262
84
675
,
263
84
675
,
263
87
591
,
263
87
740
,
263
87
740
,
263
88
668
,
265
88
668
,
265
88
717
,
265
87
789
,
265
87
789
,
265
85
841
,
263
85
841
,
263
83
822
,
259
83
822
,
259
81
865
,
258
81
865
,
258
79
897
,
259
79
897
,
259
76
917
,
260
76
917
,
260
74
833
,
260
73
816
,
260
73
816
,
260
72
836
,
261
72
836
,
261
71
888
,
262
71
888
,
262
70
854
,
262
70
854
,
262
70
860
,
264
70
860
,
264
69
902
,
264
69
902
,
264
69
926
,
264
69
865
,
264
69
865
,
264
69
889
,
265
69
889
,
265
69
894
,
265
69
894
,
265
68
882
,
266
68
882
,
266
68
859
,
266
68
859
,
266
68
873
,
267
68
873
,
267
68
885
,
267
68
841
,
267
68
841
,
267
70
618
,
267
70
618
,
267
69
1127
,
268
69
1127
,
268
68
984
,
269
68
984
,
269
68
893
,
269
68
893
,
269
68
923
,
270
68
923
,
270
67
937
,
270
67
937
,
270
67
897
,
270
67
897
,
270
67
874
,
270
67
873
,
270
67
873
,
270
68
646
,
271
68
646
,
271
65
1013
,
271
65
1013
,
271
68
814
,
271
70
744
,
271
70
744
,
271
71
725
,
272
71
725
,
272
73
698
,
272
73
698
,
272
75
694
,
272
77
697
,
272
77
697
,
272
80
637
,
272
81
703
,
273
81
703
,
273
81
696
,
274
81
696
,
274
84
753
,
274
84
753
,
274
83
866
,
275
83
866
,
275
81
919
,
275
80
863
,
275
80
863
,
275
78
898
,
276
78
898
,
276
76
911
,
275
76
911
,
275
73
925
,
275
73
925
,
275
71
914
,
275
71
914
,
275
70
883
,
275
70
883
,
275
68
892
,
275
67
889
,
276
67
889
,
276
67
891
,
276
67
891
,
276
67
852
,
277
67
852
,
277
67
864
,
277
67
864
,
277
67
889
,
277
67
889
,
277
67
891
,
277
67
891
,
277
68
839
,
277
69
829
,
277
69
829
,
277
69
862
,
277
69
862
,
277
69
860
,
278
69
860
,
278
70
834
,
278
70
834
,
278
70
838
,
277
70
838
,
277
70
844
,
277
71
815
,
277
71
815
,
277
72
765
,
276
72
765
,
276
73
770
,
275
73
770
,
275
74
743
,
275
74
736
,
274
74
736
,
274
75
807
,
275
75
807
,
275
75
834
,
275
75
834
,
275
75
893
,
275
75
893
,
275
74
944
,
276
74
944
,
276
73
905
,
276
73
905
,
276
72
906
,
276
71
938
,
276
71
938
,
276
70
883
,
276
70
883
,
276
69
824
,
277
69
824
,
277
68
837
,
277
68
837
,
277
68
867
,
277
68
867
,
277
68
864
,
277
68
867
,
278
68
867
,
278
68
923
,
278
68
923
,
278
68
906
,
279
68
906
,
279
68
861
,
279
68
861
,
279
69
873
,
279
69
873
,
279
69
884
,
279
69
884
,
279
69
824
,
279
69
778
,
280
69
778
,
280
70
773
,
280
70
773
,
280
71
781
,
279
71
781
,
279
72
775
,
279
73
809
,
280
73
809
,
280
74
800
,
280
74
800
,
280
74
768
,
280
74
768
,
280
76
739
,
280
78
664
,
281
78
664
,
281
78
764
,
282
78
764
,
282
81
544
,
282
80
873
,
281
80
873
,
281
81
716
,
282
81
716
,
282
79
910
,
281
79
910
,
281
77
1020
,
281
77
1020
,
281
76
934
,
281
76
934
,
281
73
1094
,
282
73
1094
,
282
71
913
,
282
71
913
,
282
69
883
,
282
69
883
,
282
69
867
,
282
69
867
,
282
66
846
,
282
67
830
,
283
67
830
,
283
66
850
,
282
66
850
,
282
66
881
,
282
66
881
,
282
67
913
,
282
67
913
,
282
67
873
,
283
67
873
,
283
69
902
,
283
69
902
,
283
69
904
,
283
69
854
,
283
69
854
,
283
69
806
,
283
69
806
,
283
69
824
,
283
69
824
,
283
69
849
,
283
69
849
,
283
69
863
,
283
69
863
,
283
69
856
,
283
70
902
,
283
70
902
,
283
69
937
,
283
69
937
,
283
69
924
,
284
69
924
,
284
69
875
,
284
69
875
,
284
69
887
,
284
69
887
,
284
68
860
,
284
68
860
,
284
69
800
,
284
69
803
,
284
69
803
,
284
70
673
,
285
70
673
,
285
69
1078
,
285
69
1078
,
285
69
910
,
284
69
910
,
284
69
891
,
284
69
891
,
284
69
930
,
284
69
930
,
284
69
894
,
283
69
894
,
283
69
858
,
283
69
873
,
281
69
873
,
281
68
898
,
278
68
898
,
278
68
767
,
278
68
767
,
278
66
990
,
279
66
990
,
279
67
895
,
280
67
895
,
280
68
822
,
280
68
822
,
280
69
828
,
280
69
852
,
280
69
852
,
280
69
868
,
280
69
868
,
280
69
879
,
281
69
879
,
281
69
925
,
281
69
925
,
281
68
951
,
281
68
951
,
281
67
916
,
281
67
916
,
281
68
928
,
282
68
928
,
282
67
931
,
282
67
860
,
282
67
860
,
282
68
713
,
282
68
713
,
282
67
1013
,
280
67
1013
,
280
67
869
,
279
67
869
,
279
68
776
,
280
68
776
,
280
69
761
,
280
70
764
,
280
70
764
,
280
71
812
,
280
71
812
,
280
72
865
,
281
72
865
,
281
72
918
,
281
74
628
,
281
74
628
,
281
74
628
,
281
71
1068
,
281
72
923
,
282
72
923
,
282
73
666
,
282
73
666
,
282
71
998
,
282
71
998
,
282
71
848
,
282
71
848
,
282
70
818
,
283
70
818
,
283
70
844
,
283
70
844
,
283
70
844
,
283
70
890
,
284
70
890
,
284
68
941
,
284
68
941
,
284
69
911
,
283
69
911
,
283
69
926
,
282
69
926
,
282
67
963
,
282
67
963
,
282
67
939
,
283
67
939
,
283
67
884
,
283
67
884
,
283
67
868
,
283
66
885
,
283
66
885
,
283
66
874
,
282
66
874
,
282
67
812
,
282
67
812
,
282
67
832
,
283
67
832
,
283
68
856
,
283
68
856
,
283
68
889
,
283
68
889
,
283
69
835
,
283
70
889
,
284
70
889
,
284
69
932
,
284
69
932
,
284
69
893
,
284
69
893
,
284
69
873
,
285
69
873
,
285
69
873
,
285
69
873
,
285
70
647
,
285
70
647
,
285
69
1060
,
285
69
860
,
285
69
860
,
285
71
595
,
285
71
595
,
285
69
1020
,
286
69
1020
,
286
70
874
,
285
70
874
,
285
70
837
,
285
71
804
,
286
71
804
,
286
72
821
,
286
72
821
,
286
71
910
,
286
71
910
,
286
68
1012
,
286
68
1012
,
286
69
974
,
285
69
974
,
285
68
953
,
284
68
953
,
284
65
989
,
281
65
989
,
281
66
977
,
281
66
977
,
281
65
884
,
282
65
884
,
282
66
700
,
282
66
700
,
282
65
1055
,
282
65
844
,
282
65
844
,
282
66
747
,
282
66
747
,
282
68
747
,
282
68
747
,
282
70
687
,
282
72
698
,
282
72
698
,
282
75
684
,
282
75
684
,
282
78
691
,
282
79
698
,
283
79
698
,
283
79
755
,
282
79
755
,
282
81
820
,
283
81
820
,
283
80
967
,
283
80
967
,
283
77
1015
,
283
77
1015
,
283
75
1029
,
284
75
1029
,
284
72
1002
,
284
72
1002
,
284
70
931
,
284
70
931
,
284
68
922
,
284
66
896
,
284
66
896
,
284
65
879
,
284
65
879
,
284
64
882
,
285
64
882
,
285
64
874
,
285
64
874
,
285
64
907
,
286
64
907
,
286
65
940
,
285
65
940
,
285
65
934
,
286
65
934
,
286
66
888
,
286
66
888
,
286
66
906
,
286
66
924
,
286
66
924
,
286
66
920
,
286
66
920
,
286
66
870
,
287
66
870
,
287
66
861
,
287
66
861
,
287
67
862
,
287
67
862
,
287
67
865
,
287
67
865
,
287
68
858
,
287
68
858
,
287
68
883
,
287
68
932
,
287
68
932
,
287
67
973
,
288
67
973
,
288
67
942
,
288
67
942
,
288
67
970
,
288
67
970
,
288
66
980
,
288
66
980
,
288
65
951
,
288
65
951
,
288
65
858
,
289
65
858
,
289
65
841
,
289
65
841
,
289
65
831
,
289
66
849
,
289
66
849
,
289
67
826
,
289
67
826
,
289
67
844
,
290
67
844
,
290
68
890
,
290
68
890
,
290
69
879
,
290
69
879
,
290
69
883
,
291
69
883
,
291
70
911
,
291
69
909
,
290
69
909
,
290
71
608
,
291
71
608
,
291
69
1043
,
291
69
1043
,
291
69
884
,
291
69
884
,
291
69
826
,
292
69
826
,
292
69
808
,
292
70
813
,
292
70
813
,
292
70
863
,
292
70
863
,
292
70
913
,
292
70
913
,
292
70
908
,
292
70
908
,
292
70
940
,
292
70
940
,
292
67
959
,
292
67
959
,
292
68
931
,
293
68
931
,
293
68
918
,
293
68
918
,
293
67
907
,
293
67
850
,
293
67
850
,
293
67
809
,
292
67
809
,
292
67
813
,
293
67
813
,
293
68
785
,
293
68
785
,
293
69
772
,
293
70
790
,
294
70
790
,
294
71
832
,
293
71
832
,
293
72
824
,
294
72
824
,
294
73
812
,
293
73
812
,
293
74
838
,
293
74
827
,
292
74
827
,
292
74
790
,
290
74
790
,
290
74
794
,
289
74
794
,
289
74
795
,
289
74
795
,
289
74
795
,
289
74
767
,
290
74
767
,
290
75
772
,
290
75
772
,
290
75
775
,
289
75
775
,
289
76
776
,
289
76
759
,
290
76
759
,
290
77
771
,
289
77
771
,
289
77
783
,
289
77
783
,
290
77
783
,
290
78
756
,
288
78
756
,
288
78
770
,
288
78
770
,
288
78
781
,
288
78
771
,
287
78
771
,
287
78
750
,
288
78
750
,
288
78
772
,
288
78
772
,
288
78
774
,
288
79
629
,
288
79
629
,
288
78
864
,
289
78
864
,
289
78
798
,
289
78
798
,
289
79
663
,
289
80
730
,
289
80
730
,
289
80
726
,
290
80
726
,
290
81
692
,
290
82
684
,
290
82
684
,
290
83
642
,
290
83
642
,
290
84
707
,
290
84
672
,
289
84
672
,
289
86
670
,
289
86
670
,
289
87
672
,
289
87
692
,
287
87
692
,
287
87
701
,
280
87
701
,
280
87
787
,
278
87
787
,
278
85
836
,
278
84
776
,
279
84
776
,
279
82
787
,
280
82
787
,
280
82
759
,
281
82
759
,
281
82
654
,
281
80
798
,
282
80
798
,
282
80
716
,
282
80
716
,
282
80
701
,
282
80
700
,
282
80
700
,
282
81
726
,
282
81
726
,
282
82
714
,
280
82
714
,
280
82
785
,
280
81
834
,
278
81
834
,
278
81
784
,
279
81
784
,
279
80
789
,
280
80
789
,
280
80
797
,
281
80
797
,
281
79
757
,
281
79
703
,
281
79
703
,
281
79
710
,
277
79
710
,
277
79
715
,
277
79
725
,
275
79
725
,
275
80
718
,
275
80
718
,
275
80
799
,
275
80
799
,
275
80
824
,
276
80
824
,
276
78
918
,
276
79
680
,
274
79
680
,
274
76
1121
,
270
76
1121
,
270
74
951
,
269
74
951
,
269
71
1000
,
268
71
1000
,
268
69
899
,
268
69
899
,
268
68
860
,
268
68
860
,
268
69
649
,
269
69
649
,
269
68
954
,
269
67
892
,
268
67
892
,
268
68
769
,
268
68
769
,
268
68
735
,
269
68
735
,
269
71
740
,
269
73
769
,
268
73
769
,
268
74
803
,
267
74
803
,
267
75
816
,
267
75
816
,
267
75
864
,
268
75
864
,
268
72
940
,
268
72
940
,
268
73
889
,
268
74
836
,
269
74
836
,
269
73
859
,
269
73
859
,
269
71
879
,
270
71
879
,
270
71
842
,
270
71
842
,
270
70
822
,
270
72
627
,
271
72
627
,
271
70
1066
,
271
70
1066
,
271
69
895
,
271
69
895
,
271
72
633
,
272
72
633
,
272
71
937
,
272
71
937
,
272
72
801
,
272
73
733
,
272
73
733
,
272
74
743
,
273
74
743
,
273
75
759
,
273
75
759
,
273
75
777
,
273
74
794
,
272
74
794
,
272
77
753
,
272
77
753
,
272
78
722
,
273
78
722
,
273
77
725
,
273
80
727
,
273
80
727
,
273
81
708
,
273
81
708
,
273
81
689
,
273
82
643
,
274
82
643
,
274
82
744
,
274
82
744
,
274
83
686
,
274
85
703
,
274
85
703
,
274
84
780
,
274
84
780
,
274
83
812
,
274
83
812
,
274
82
832
,
274
82
832
,
274
80
859
,
274
79
869
,
275
79
869
,
275
77
871
,
275
77
871
,
275
75
857
,
275
75
857
,
275
74
833
,
276
74
833
,
276
73
848
,
271
73
848
,
271
71
853
,
271
71
839
,
262
71
839
,
262
71
799
,
263
71
799
,
263
71
784
,
264
71
784
,
264
72
803
,
263
72
803
,
263
72
843
,
263
72
880
,
262
72
880
,
262
72
887
,
264
72
887
,
264
71
885
,
264
71
885
,
264
71
821
,
257
71
821
,
257
72
796
,
254
72
796
,
254
73
773
,
254
73
735
,
257
73
735
,
257
74
723
,
258
74
723
,
258
74
749
,
258
75
803
,
259
75
803
,
259
75
880
,
260
75
880
,
260
74
931
,
260
74
931
,
260
76
640
,
261
76
640
,
261
76
903
,
261
76
903
,
261
74
994
,
235
74
994
,
235
74
791
,
235
73
751
,
205
73
751
,
205
73
736
,
185
73
736
,
185
73
748
,
185
74
784
,
182
74
784
,
182
74
837
,
187
74
837
,
187
75
855
,
190
75
855
,
190
73
874
,
193
73
874
,
193
72
909
,
197
72
909
,
197
73
906
,
198
73
906
,
198
73
871
,
199
73
871
,
199
72
862
,
199
71
850
,
202
71
850
,
202
70
843
,
203
70
843
,
203
70
823
,
206
70
823
,
206
70
804
,
207
70
804
,
207
70
810
,
207
71
822
,
208
71
822
,
208
71
840
,
210
71
840
,
210
72
835
,
211
72
835
,
211
72
838
,
213
72
838
,
213
72
850
,
213
72
836
,
214
72
836
,
214
73
814
,
217
73
814
,
217
72
836
,
219
72
836
,
219
72
855
,
219
72
855
,
219
72
850
,
219
72
793
,
219
72
793
,
219
72
805
,
221
72
805
,
221
72
827
,
222
72
827
,
222
72
848
,
224
72
848
,
224
72
835
,
224
72
832
,
226
72
832
,
226
72
801
,
225
72
801
,
225
74
622
,
224
74
622
,
224
73
961
,
224
73
961
,
224
73
863
,
224
74
691
,
224
74
691
,
224
73
941
,
226
73
941
,
226
73
871
,
227
73
871
,
227
73
827
,
228
73
827
,
228
73
822
,
228
73
859
,
227
73
859
,
227
72
888
,
226
72
888
,
226
71
679
,
227
71
679
,
227
70
1095
,
229
70
1095
,
229
70
937
,
230
70
937
,
230
68
869
,
231
68
869
,
231
69
860
,
232
69
860
,
232
69
875
,
232
68
886
,
233
68
886
,
233
68
865
,
234
68
865
,
234
68
878
,
234
68
878
,
234
68
897
,
235
68
897
,
235
66
875
,
235
66
875
,
235
68
865
,
235
68
865
,
235
69
874
,
235
69
866
,
234
69
866
,
234
69
825
,
235
69
825
,
235
69
834
,
237
69
834
,
237
70
844
,
238
70
844
,
238
70
831
,
238
70
831
,
238
70
828
,
238
71
839
,
239
71
839
,
239
71
856
,
240
71
856
,
240
71
850
,
240
71
850
,
240
71
831
,
241
71
831
,
241
72
849
,
242
72
849
,
242
71
838
,
242
71
834
,
242
71
834
,
242
71
841
,
241
71
841
,
241
71
828
,
241
71
828
,
241
72
793
,
242
72
793
,
242
72
800
,
242
72
820
,
243
72
820
,
243
73
805
,
243
73
805
,
243
73
827
,
244
73
827
,
244
73
853
,
245
73
853
,
245
73
795
,
245
74
800
,
245
74
800
,
245
74
808
,
246
74
808
,
246
74
821
,
246
74
821
,
246
74
817
,
247
74
817
,
247
74
806
,
247
74
787
,
247
74
787
,
247
74
758
,
247
74
758
,
247
75
763
,
244
75
763
,
244
76
761
,
244
76
740
,
243
76
740
,
243
76
813
,
244
76
813
,
244
76
831
,
246
76
831
,
246
75
879
,
248
75
879
,
248
75
826
,
248
76
755
,
248
76
755
,
248
74
984
,
249
74
984
,
249
73
908
,
250
73
908
,
250
72
858
,
250
72
858
,
250
71
810
,
251
71
810
,
251
71
792
,
251
71
784
,
251
71
784
,
251
72
780
,
252
72
780
,
252
73
768
,
252
73
768
,
252
73
800
,
252
72
869
,
253
72
869
,
253
72
919
,
254
72
919
,
254
73
881
,
254
73
881
,
254
72
887
,
253
72
887
,
253
72
878
,
254
72
878
,
254
72
814
,
254
72
814
,
254
71
798
,
254
71
804
,
255
71
804
,
255
71
787
,
255
71
787
,
255
71
767
,
257
71
767
,
257
72
796
,
257
73
789
,
257
73
789
,
257
74
758
,
257
74
758
,
257
76
746
,
258
76
746
,
258
77
737
,
258
78
737
,
258
78
737
,
258
78
742
,
259
78
742
,
259
79
769
,
256
79
769
,
256
79
795
,
256
78
808
,
252
78
808
,
252
78
798
,
253
78
798
,
253
78
826
,
254
78
826
,
254
77
858
,
254
77
858
,
254
77
740
,
255
77
740
,
255
75
940
,
255
74
856
,
256
74
856
,
256
73
828
,
256
73
828
,
256
73
776
,
257
73
776
,
257
73
764
,
257
73
785
,
257
73
785
,
257
73
811
,
257
73
811
,
257
74
804
,
258
74
804
,
258
74
842
,
259
74
842
,
259
72
894
,
259
72
894
,
259
73
914
,
260
73
914
,
260
72
927
,
261
72
927
,
261
71
966
,
261
70
917
,
261
70
917
,
261
69
867
,
263
69
867
,
263
68
872
,
263
68
872
,
263
70
630
,
263
70
630
,
263
68
1024
,
263
68
1024
,
263
67
879
,
263
68
850
,
264
68
850
,
264
68
869
,
264
68
869
,
264
69
854
,
265
69
854
,
265
70
830
,
265
70
830
,
265
72
681
,
266
72
681
,
266
70
1104
,
266
70
1104
,
266
70
898
,
266
68
853
,
267
68
853
,
267
69
872
,
267
69
872
,
267
69
867
,
268
69
867
,
268
71
608
,
268
71
608
,
268
70
1039
,
269
70
1039
,
269
70
881
,
269
71
645
,
270
71
645
,
270
68
1025
,
270
68
1025
,
270
70
865
,
270
70
865
,
270
70
858
,
270
70
858
,
270
70
864
,
271
70
864
,
271
70
903
,
271
70
903
,
271
69
947
,
272
69
947
,
272
67
949
,
272
67
949
,
272
68
916
,
272
67
934
,
272
67
934
,
272
65
936
,
272
65
936
,
272
66
885
,
273
66
885
,
273
66
855
,
273
66
855
,
273
66
851
,
272
66
851
,
272
67
821
,
272
67
821
,
272
67
808
,
272
68
831
,
273
68
831
,
273
69
847
,
273
69
847
,
273
70
814
,
273
70
814
,
273
71
818
,
272
71
818
,
272
72
784
,
272
73
778
,
222
73
778
,
222
74
767
,
182
74
767
,
182
75
727
,
182
77
647
,
176
77
647
,
176
75
956
,
165
75
956
,
165
75
832
,
168
75
832
,
168
76
799
,
149
76
799
,
149
75
848
,
135
75
848
,
135
75
887
,
134
75
887
,
134
74
890
,
134
73
839
,
142
73
839
,
142
73
819
,
150
73
819
,
150
72
822
,
156
72
822
,
156
70
829
,
156
73
611
,
161
73
611
,
161
72
980
,
156
72
980
,
156
72
839
,
137
72
839
,
137
72
783
,
142
72
783
,
142
73
794
,
152
73
794
,
152
74
771
,
152
75
793
,
150
75
793
,
150
75
797
,
149
75
797
,
149
77
632
,
154
77
632
,
154
75
1011
,
158
75
1011
,
158
72
879
,
158
75
666
,
160
75
666
,
160
74
998
,
161
74
998
,
161
73
880
,
156
73
880
,
156
73
832
,
157
73
832
,
157
72
814
,
157
72
834
,
156
72
834
,
156
71
873
,
136
71
873
,
136
69
912
,
142
69
912
,
142
70
899
,
147
70
899
,
147
69
934
,
147
69
934
,
147
67
954
,
151
67
954
,
151
68
900
,
154
68
900
,
154
68
888
,
157
68
888
,
157
67
910
,
157
67
893
,
160
67
893
,
160
66
863
,
161
66
863
,
161
67
864
,
163
67
864
,
163
67
867
,
165
67
867
,
165
67
850
,
167
67
850
,
167
68
815
,
167
69
817
,
174
69
817
,
174
70
826
,
173
70
826
,
173
71
793
,
162
71
793
,
162
72
802
,
123
72
802
,
123
73
745
,
123
74
780
,
111
74
780
,
111
74
774
,
120
74
774
,
120
75
816
,
129
75
816
,
129
75
844
,
135
75
844
,
135
75
840
,
135
74
858
,
139
74
858
,
139
74
877
,
143
74
877
,
143
73
845
,
145
73
845
,
145
73
822
,
146
73
822
,
146
72
829
,
146
72
829
,
146
72
831
,
146
72
803
,
148
72
803
,
148
72
816
,
151
72
816
,
151
72
840
,
151
74
610
,
154
74
610
,
154
72
1025
,
156
72
1025
,
156
72
894
,
159
72
894
,
159
72
857
,
161
72
857
,
161
72
831
,
162
72
831
,
162
72
854
,
165
72
854
,
165
71
878
,
167
71
878
,
167
71
867
,
167
71
852
,
169
71
852
,
169
72
635
,
171
72
635
,
171
68
1086
,
172
68
1086
,
172
69
909
,
174
69
909
,
174
71
659
,
175
71
659
,
175
70
1048
,
175
69
862
,
177
69
862
,
177
70
804
,
178
70
804
,
178
70
800
,
177
70
800
,
177
71
798
,
178
71
798
,
178
71
816
,
178
69
862
,
178
69
862
,
178
72
759
,
177
72
759
,
177
71
1040
,
170
71
1040
,
170
69
956
,
170
69
956
,
170
71
749
,
173
71
749
,
173
70
1013
,
175
70
1013
,
175
69
849
,
175
69
810
,
177
69
810
,
177
69
789
,
179
69
789
,
179
70
795
,
180
70
795
,
180
70
845
,
181
70
845
,
181
68
921
,
181
70
893
,
181
70
893
,
181
70
920
,
183
70
920
,
183
68
953
,
185
68
953
,
185
69
931
,
187
69
931
,
187
68
903
,
189
68
903
,
189
68
896
,
190
68
896
,
190
67
856
,
192
67
856
,
192
67
809
,
192
67
811
,
193
67
811
,
193
70
627
,
195
70
627
,
195
69
1049
,
196
69
1049
,
196
69
869
,
198
69
869
,
198
70
830
,
199
70
830
,
199
71
848
,
199
71
853
,
201
71
853
,
201
71
891
,
202
71
891
,
202
71
846
,
204
71
846
,
204
71
831
,
205
71
831
,
205
71
863
,
205
71
863
,
205
69
860
,
205
70
833
,
206
70
833
,
206
71
834
,
207
71
834
,
207
71
807
,
199
71
807
,
199
72
723
,
199
73
714
,
173
73
714
,
173
75
723
,
164
75
723
,
164
76
758
,
160
76
758
,
160
76
807
,
159
76
807
,
159
76
857
,
159
75
892
,
165
75
892
,
165
75
866
,
166
75
866
,
166
75
845
,
165
75
845
,
165
75
854
,
164
75
854
,
164
76
623
,
169
76
623
,
169
72
1054
,
169
71
897
,
173
71
897
,
173
72
652
,
175
72
652
,
175
70
1045
,
175
70
1045
,
175
70
857
,
178
70
857
,
178
71
807
,
181
71
807
,
181
71
859
,
182
71
859
,
182
70
957
,
185
70
957
,
185
68
1026
,
187
68
1026
,
187
66
960
,
187
66
999
,
188
66
999
,
188
66
992
,
190
66
992
,
190
64
875
,
190
64
875
,
190
65
874
,
177
65
874
,
177
66
796
,
160
66
796
,
160
66
778
,
160
66
781
,
127
66
781
,
127
69
556
,
127
74
476
,
119
74
476
,
119
79
515
,
131
79
515
,
131
81
776
,
131
84
747
,
136
84
747
,
136
87
594
,
130
87
594
,
130
86
923
,
127
86
923
,
127
86
840
,
132
86
840
,
132
85
848
,
132
84
904
,
138
84
904
,
138
80
887
,
143
80
887
,
143
76
854
,
147
76
854
,
147
73
849
,
151
73
849
,
151
72
879
,
154
72
879
,
154
71
908
,
157
71
908
,
157
69
843
,
157
69
835
,
158
69
835
,
158
69
879
,
160
69
879
,
160
69
879
,
162
69
879
,
162
69
889
,
164
69
889
,
164
69
875
,
166
69
875
,
166
69
849
,
166
69
845
,
168
69
845
,
168
69
857
,
170
69
857
,
170
70
863
,
173
70
863
,
173
70
824
,
174
70
824
,
174
70
839
,
176
70
839
,
176
70
860
,
176
70
871
,
178
70
871
,
178
70
861
,
180
70
861
,
180
70
872
,
181
70
872
,
181
70
877
,
179
70
877
,
179
70
869
,
179
70
869
,
179
70
819
,
181
70
819
,
181
71
813
,
181
70
842
,
182
70
842
,
182
70
887
,
184
70
887
,
184
70
895
,
185
70
895
,
185
70
889
,
186
70
889
,
186
71
664
,
188
71
664
,
188
69
1123
,
189
69
1123
,
189
69
891
,
189
69
839
,
190
69
839
,
190
69
829
,
192
69
829
,
192
69
810
,
193
69
810
,
193
69
811
,
194
69
811
,
194
70
850
,
195
70
850
,
195
70
907
,
195
70
899
,
196
70
899
,
196
68
891
,
197
68
891
,
197
69
910
,
198
69
910
,
198
69
919
,
199
69
919
,
199
69
890
,
200
69
890
,
200
69
872
,
200
69
872
,
200
68
879
,
201
68
879
,
201
67
886
,
202
67
886
,
202
67
869
,
202
69
733
,
203
69
733
,
203
68
1005
,
204
68
1005
,
204
68
912
,
205
68
912
,
205
68
850
,
206
68
850
,
206
69
795
,
206
70
791
,
207
70
791
,
207
71
784
,
207
71
784
,
207
71
791
,
208
71
791
,
208
72
811
,
210
72
811
,
210
73
795
,
210
72
820
,
211
72
820
,
211
73
838
,
212
73
838
,
212
74
848
,
212
74
848
,
212
74
837
,
213
74
837
,
213
73
852
,
215
73
852
,
215
73
855
,
215
73
818
,
215
73
818
,
215
73
797
,
216
73
797
,
216
73
803
,
217
73
803
,
217
72
809
,
217
72
809
,
217
73
794
,
217
73
786
,
218
73
786
,
218
74
809
,
219
74
809
,
219
74
825
,
220
74
825
,
220
74
823
,
221
74
823
,
221
74
852
,
221
73
867
,
221
73
867
,
221
74
792
,
223
74
792
,
223
73
822
,
223
73
822
,
223
73
797
,
222
73
797
,
222
73
792
,
222
74
777
,
213
74
777
,
213
74
794
,
210
74
794
,
210
74
834
,
212
74
834
,
212
75
633
,
213
75
633
,
213
73
1065
,
213
73
927
,
215
73
927
,
215
72
877
,
216
72
877
,
216
72
843
,
216
72
843
,
216
72
848
,
216
72
848
,
216
71
855
,
218
71
855
,
218
71
816
,
218
71
805
,
218
71
805
,
218
71
826
,
219
71
826
,
219
69
815
,
220
69
815
,
220
71
811
,
221
71
811
,
221
72
838
,
221
72
849
,
220
72
849
,
220
72
826
,
220
72
826
,
220
72
844
,
221
72
844
,
221
72
863
,
223
72
863
,
223
72
844
,
223
74
623
,
224
74
623
,
224
72
1013
,
225
72
1013
,
225
72
864
,
226
72
864
,
226
73
672
,
226
73
672
,
226
72
914
,
225
72
914
,
225
72
831
,
225
73
782
,
220
73
782
,
220
73
790
,
219
73
790
,
219
74
830
,
220
74
830
,
220
73
898
,
222
73
898
,
222
71
885
,
223
71
885
,
223
72
901
,
224
72
901
,
224
71
909
,
224
70
850
,
225
70
850
,
225
70
848
,
225
70
848
,
225
70
840
,
226
70
840
,
226
70
815
,
227
70
815
,
227
70
784
,
227
70
803
,
228
70
803
,
228
71
813
,
227
71
813
,
227
72
809
,
228
72
809
,
228
72
813
,
229
72
813
,
229
73
819
,
229
73
830
,
230
73
830
,
230
75
637
,
231
75
637
,
231
74
981
,
231
74
981
,
231
74
820
,
232
74
820
,
232
74
777
,
232
74
770
,
232
74
770
,
232
75
773
,
233
75
773
,
233
75
784
,
233
75
784
,
233
75
827
,
234
75
827
,
234
74
884
,
234
73
911
,
235
73
911
,
235
71
928
,
237
71
928
,
237
71
954
,
237
71
954
,
237
70
924
,
238
70
924
,
238
69
894
,
239
69
894
,
239
68
895
,
238
68
895
,
238
68
853
,
240
68
853
,
240
67
819
,
240
68
824
,
240
68
824
,
240
69
693
,
241
69
693
,
241
68
1037
,
242
68
1037
,
242
68
893
,
242
68
893
,
242
69
852
,
243
69
852
,
243
70
836
,
243
70
816
,
244
70
816
,
244
71
832
,
244
71
832
,
244
71
833
,
244
71
833
,
244
71
802
,
245
71
802
,
245
71
814
,
246
71
814
,
246
70
833
,
246
72
857
,
246
72
857
,
246
72
848
,
247
72
848
,
247
72
850
,
247
72
850
,
247
72
854
,
248
72
854
,
248
72
836
,
248
72
796
,
248
72
796
,
248
72
807
,
249
72
807
,
249
73
708
,
250
73
708
,
250
71
1023
,
250
71
1023
,
250
71
880
,
251
71
880
,
251
71
856
,
251
71
861
,
251
71
861
,
251
71
830
,
252
71
830
,
252
71
824
,
253
71
824
,
253
71
842
,
253
71
842
,
253
71
839
,
254
71
839
,
254
71
828
,
254
71
674
,
254
71
674
,
254
71
1046
,
255
71
1046
,
255
71
882
,
255
71
882
,
255
71
819
,
255
71
819
,
255
71
818
,
256
71
818
,
256
71
825
,
256
72
812
,
257
72
812
,
257
72
824
,
257
72
824
,
257
72
850
,
257
72
850
,
257
72
832
,
257
72
626
,
258
72
626
,
258
72
1070
,
258
72
1070
,
258
72
848
,
258
72
848
,
258
72
776
,
259
72
776
,
259
73
746
,
259
74
730
,
258
74
730
,
258
75
714
,
256
75
714
,
256
76
727
,
257
76
727
,
257
77
759
,
257
77
832
,
258
77
832
,
258
74
912
,
258
74
912
,
258
75
965
,
258
75
965
,
258
74
929
,
259
74
929
,
259
73
955
,
259
73
955
,
259
71
963
,
260
71
963
,
260
69
885
,
260
69
885
,
260
68
848
,
261
68
848
,
261
67
856
,
261
67
843
,
261
67
843
,
261
69
595
,
262
69
595
,
262
68
1043
,
262
68
1043
,
262
68
893
,
262
68
893
,
262
69
853
,
262
70
840
,
263
70
840
,
263
70
867
,
263
70
867
,
263
70
903
,
264
70
903
,
264
70
906
,
264
70
906
,
264
69
891
,
264
69
891
,
264
69
898
,
265
69
898
,
265
67
884
,
265
67
884
,
265
68
834
,
265
69
830
,
266
69
830
,
266
69
836
,
266
69
836
,
266
69
821
,
266
69
821
,
266
70
826
,
266
70
826
,
266
70
853
,
267
70
853
,
267
70
856
,
267
71
836
,
268
71
836
,
268
71
836
,
267
71
836
,
267
72
836
,
263
72
836
,
263
72
812
,
263
72
812
,
263
72
792
,
263
72
810
,
263
72
810
,
263
72
853
,
264
72
853
,
264
72
859
,
264
72
859
,
264
72
867
,
264
72
867
,
264
72
877
,
264
72
877
,
264
71
864
,
264
71
827
,
265
71
827
,
265
71
841
,
265
71
841
,
265
71
851
,
266
71
851
,
266
71
823
,
266
71
823
,
266
71
822
,
266
71
822
,
266
71
856
,
266
71
875
,
267
71
875
,
267
71
844
,
267
71
844
,
267
71
853
,
267
71
853
,
267
71
857
,
267
71
857
,
267
73
630
,
268
73
630
,
268
71
1008
,
268
71
855
,
268
71
855
,
268
71
813
,
268
71
813
,
268
71
803
,
268
71
803
,
268
72
792
,
268
72
792
,
268
72
836
,
268
72
879
,
268
72
879
,
268
72
873
,
269
72
873
,
269
72
892
,
269
72
892
,
269
69
925
,
269
69
925
,
269
70
902
,
270
70
902
,
270
70
873
,
270
70
873
,
270
69
888
,
270
69
888
,
270
69
891
,
270
68
856
,
270
68
856
,
270
68
853
,
271
68
853
,
271
68
862
,
271
68
862
,
271
68
857
,
271
68
857
,
271
69
829
,
271
69
829
,
271
69
841
,
271
70
834
,
271
70
834
,
271
70
817
,
272
70
817
,
272
71
793
,
271
71
793
,
271
72
803
,
270
72
803
,
270
72
812
,
270
73
805
,
271
73
805
,
271
73
813
,
270
73
813
,
270
75
647
,
268
75
647
,
268
73
1002
,
268
73
1002
,
268
74
827
,
268
74
784
,
268
74
784
,
268
74
786
,
267
74
786
,
267
74
779
,
268
74
779
,
268
75
764
,
268
75
788
,
267
75
788
,
267
75
837
,
268
75
837
,
268
74
855
,
265
74
855
,
265
72
872
,
262
72
872
,
262
73
907
,
263
73
907
,
263
73
895
,
262
73
895
,
262
72
873
,
262
71
889
,
262
71
889
,
262
70
844
,
261
70
844
,
261
70
816
,
261
70
816
,
261
70
824
,
261
70
824
,
261
70
819
,
261
70
820
,
260
70
820
,
260
72
615
,
261
72
615
,
261
71
1079
,
261
71
1079
,
261
71
910
,
262
71
910
,
262
71
826
,
262
71
826
,
262
72
830
,
263
72
830
,
263
72
845
,
263
71
836
,
263
71
836
,
263
71
847
,
263
71
847
,
263
71
896
,
264
71
896
,
264
70
912
,
265
70
912
,
265
68
884
,
264
68
884
,
264
69
895
,
265
69
895
,
265
69
897
,
265
69
858
,
265
69
858
,
265
69
815
,
266
69
815
,
266
69
832
,
266
69
832
,
266
69
851
,
267
69
851
,
267
69
856
,
267
69
856
,
267
69
857
,
267
70
882
,
268
70
882
,
268
70
880
,
268
70
880
,
268
70
851
,
268
70
851
,
268
70
861
,
268
70
861
,
268
70
878
,
269
70
878
,
269
70
871
,
269
70
827
,
269
70
827
,
269
70
835
,
270
70
835
,
270
70
852
,
270
70
852
,
270
70
845
,
270
70
845
,
270
70
833
,
271
70
833
,
271
71
848
,
271
70
871
,
270
70
871
,
270
71
850
,
270
71
850
,
270
71
847
,
269
71
847
,
269
71
864
,
270
71
864
,
270
70
890
,
271
70
890
,
271
70
861
,
271
72
638
,
271
72
638
,
271
70
1049
,
271
70
1049
,
271
70
894
,
271
70
894
,
271
72
621
,
272
72
621
,
272
70
1015
,
272
70
1015
,
272
70
871
,
272
70
871
,
272
70
831
,
272
71
820
,
273
71
820
,
273
72
769
,
273
72
769
,
273
73
750
,
270
73
750
,
270
71
819
,
270
72
919
,
265
72
919
,
265
72
975
,
265
72
975
,
265
68
992
,
265
68
992
,
265
69
980
,
265
69
980
,
265
68
932
,
265
68
932
,
265
68
907
,
264
68
907
,
264
67
885
,
264
67
885
,
264
66
870
,
264
66
870
,
264
66
842
,
265
66
842
,
265
66
819
,
265
66
838
,
265
66
838
,
265
67
847
,
265
67
847
,
265
68
846
,
266
68
846
,
266
70
822
,
266
70
822
,
266
71
822
,
266
71
831
,
267
71
831
,
267
72
825
,
267
72
825
,
267
72
801
,
268
72
801
,
268
73
809
,
269
73
809
,
269
73
823
,
269
72
859
,
268
72
859
,
268
72
872
,
269
72
872
,
269
72
858
,
269
72
858
,
269
72
890
,
269
72
890
,
269
71
940
,
270
71
940
,
270
69
958
,
270
69
958
,
270
71
681
,
271
71
681
,
271
68
1082
,
271
68
902
,
271
68
902
,
271
68
718
,
271
68
718
,
271
67
1059
,
270
67
1059
,
270
67
898
,
271
67
898
,
271
67
853
,
269
67
853
,
269
67
861
,
255
67
861
,
255
68
866
,
255
69
833
,
247
69
833
,
247
67
856
,
237
67
856
,
237
69
898
,
221
69
898
,
221
69
877
,
208
69
877
,
208
68
830
,
211
68
830
,
211
70
848
,
211
70
872
,
218
70
872
,
218
70
827
,
221
70
827
,
221
70
834
,
223
70
834
,
223
70
847
,
225
70
847
,
225
70
847
,
225
71
814
,
227
71
814
,
227
71
816
,
229
71
816
,
229
72
816
,
229
72
816
,
229
72
822
,
231
72
822
,
231
72
800
,
231
73
822
,
233
73
822
,
233
73
855
,
234
73
855
,
234
72
861
,
235
72
861
,
235
72
838
,
236
72
838
,
236
72
846
,
237
72
846
,
237
72
855
,
237
72
845
,
238
72
845
,
238
72
811
,
239
72
811
,
239
72
806
,
239
72
806
,
239
72
814
,
239
72
814
,
239
72
800
,
239
73
782
,
239
73
782
,
239
73
802
,
239
73
802
,
239
73
832
,
239
73
832
,
239
73
838
,
241
73
838
,
241
74
832
,
241
73
858
,
241
73
858
,
241
73
870
,
241
73
870
,
241
74
704
,
241
74
704
,
241
72
978
,
241
72
978
,
241
72
859
,
241
72
859
,
241
72
810
,
241
72
779
,
244
72
779
,
244
72
767
,
244
72
767
,
244
73
785
,
245
73
785
,
245
73
815
,
246
73
815
,
246
73
837
,
246
73
835
,
247
73
835
,
247
72
841
,
248
72
841
,
248
73
862
,
249
73
862
,
249
73
856
,
249
73
856
,
249
73
821
,
249
73
830
,
251
73
830
,
251
72
845
,
251
72
845
,
251
72
847
,
252
72
847
,
252
71
829
,
253
71
829
,
253
73
674
,
254
73
674
,
254
71
1039
,
254
71
876
,
254
71
876
,
254
73
598
,
255
73
598
,
255
72
1001
,
256
72
1001
,
256
72
848
,
257
72
848
,
257
72
796
,
257
72
786
,
257
72
786
,
257
73
815
,
257
73
815
,
257
72
874
,
258
72
874
,
258
70
924
,
259
70
924
,
259
71
890
,
260
71
890
,
260
71
935
,
260
71
935
,
260
68
957
,
260
68
957
,
260
69
892
,
260
69
874
,
261
69
874
,
261
68
874
,
261
68
874
,
261
68
848
,
260
68
848
,
260
68
789
,
260
68
789
,
260
69
767
,
260
70
781
,
260
70
781
,
260
71
752
,
257
71
752
,
257
72
762
,
256
72
762
,
256
75
681
,
253
75
681
,
253
74
999
,
253
74
874
,
254
74
874
,
254
76
638
,
254
76
638
,
254
74
1030
,
256
74
1030
,
256
73
887
,
256
73
887
,
256
74
656
,
257
74
656
,
257
72
1009
,
257
72
833
,
258
72
833
,
258
72
778
,
258
72
778
,
258
71
760
,
259
71
760
,
259
73
760
,
259
74
809
,
255
74
809
,
255
72
847
,
255
72
847
,
255
73
831
,
256
73
831
,
256
74
877
,
257
74
877
,
257
71
926
,
257
71
926
,
257
72
901
,
258
72
901
,
258
71
920
,
258
71
920
,
258
70
889
,
258
70
840
,
259
70
840
,
259
69
832
,
260
69
832
,
260
69
840
,
261
69
840
,
261
71
653
,
261
71
653
,
261
69
1035
,
261
69
1035
,
261
69
904
,
261
71
675
,
262
71
675
,
262
70
1035
,
263
70
1035
,
263
70
847
,
263
70
847
,
263
71
822
,
263
71
822
,
263
71
806
,
262
71
806
,
262
71
810
,
262
72
796
,
263
72
796
,
263
71
752
,
263
71
752
,
263
73
785
,
264
73
785
,
264
74
746
,
264
73
790
,
264
73
790
,
264
75
850
,
262
75
850
,
262
75
804
,
263
75
804
,
263
75
872
,
264
75
872
,
264
74
871
,
264
74
871
,
264
73
926
,
264
72
929
,
264
72
929
,
264
70
942
,
264
70
942
,
264
70
836
,
265
70
836
,
265
70
804
,
265
70
804
,
265
70
776
,
266
70
776
,
266
70
759
,
266
71
745
,
266
71
745
,
266
72
769
,
266
72
769
,
266
72
811
,
267
72
811
,
267
73
850
,
267
73
850
,
267
73
927
,
268
73
927
,
268
72
1013
,
268
72
1013
,
268
71
1002
,
268
69
998
,
269
69
998
,
269
68
932
,
269
68
932
,
269
67
873
,
269
67
873
,
269
66
858
,
270
66
858
,
270
66
800
,
270
66
800
,
270
66
803
,
270
66
818
,
271
66
818
,
271
67
804
,
271
67
804
,
271
69
821
,
271
69
821
,
271
70
854
,
271
73
631
,
272
73
631
,
272
72
1058
,
271
72
1058
,
271
72
895
,
272
72
895
,
272
72
836
,
272
72
836
,
272
72
789
,
273
72
789
,
273
73
752
,
273
73
726
,
273
73
726
,
273
74
734
,
270
74
734
,
270
74
799
,
269
74
799
,
269
73
968
,
269
73
968
,
269
70
1037
,
269
70
1037
,
269
70
1029
,
270
70
1029
,
270
69
974
,
270
69
974
,
270
68
963
,
270
68
963
,
270
67
956
,
271
67
956
,
271
66
937
,
270
66
937
,
270
65
876
,
270
65
692
,
271
65
692
,
271
64
999
,
271
64
999
,
271
64
876
,
272
64
876
,
272
66
833
,
271
66
833
,
271
67
827
,
271
68
821
,
272
68
821
,
272
69
833
,
271
69
833
,
271
72
650
,
272
72
650
,
272
71
1049
,
272
71
1049
,
272
71
886
,
273
71
886
,
273
70
847
,
273
71
837
,
273
71
837
,
273
71
815
,
273
71
815
,
273
72
775
,
271
72
775
,
271
72
783
,
271
73
761
,
271
73
761
,
271
74
760
,
270
74
760
,
270
72
810
,
271
72
810
,
271
74
852
,
271
74
852
,
271
74
838
,
271
74
838
,
271
74
846
,
271
74
864
,
271
74
864
,
271
74
855
,
271
74
855
,
271
73
818
,
272
73
818
,
272
73
821
,
272
73
821
,
272
73
734
,
272
72
949
,
272
72
949
,
272
71
854
,
272
71
854
,
272
71
821
,
272
71
821
,
272
71
849
,
272
71
849
,
272
73
682
,
273
73
682
,
273
71
1076
,
273
70
919
,
273
70
919
,
273
70
922
,
273
70
922
,
273
69
911
,
273
69
911
,
273
68
854
,
272
68
854
,
272
69
822
,
273
69
822
,
273
69
830
,
272
69
830
,
272
69
848
,
272
69
872
,
271
69
872
,
271
67
881
,
271
67
881
,
271
69
869
,
272
69
869
,
272
70
817
,
270
70
817
,
270
71
800
,
270
71
800
,
270
71
801
,
270
72
817
,
267
72
817
,
267
72
815
,
266
72
815
,
266
72
845
,
267
72
845
,
267
72
826
,
266
72
826
,
266
73
803
,
266
73
824
,
254
73
824
,
254
73
852
,
248
73
852
,
248
73
868
,
248
73
868
,
248
72
863
,
247
72
863
,
247
72
878
,
249
72
878
,
249
71
889
,
249
73
614
,
249
73
614
,
249
71
1047
,
251
71
1047
,
251
70
899
,
251
70
899
,
251
71
769
,
251
71
769
,
251
70
895
,
251
70
895
,
251
70
833
,
251
71
812
,
252
71
812
,
252
71
872
,
253
71
872
,
253
71
850
,
254
71
850
,
254
71
861
,
254
71
861
,
254
69
898
,
255
69
898
,
255
70
918
,
255
70
918
,
255
70
874
,
255
69
890
,
256
69
890
,
256
69
894
,
256
69
894
,
256
68
901
,
256
68
901
,
256
68
861
,
257
68
861
,
257
68
855
,
257
68
855
,
257
68
851
,
257
68
838
,
258
68
838
,
258
69
836
,
258
69
836
,
258
70
808
,
258
70
808
,
258
70
782
,
258
70
782
,
258
71
795
,
258
72
819
,
260
72
819
,
260
73
797
,
260
73
797
,
260
73
794
,
260
73
794
,
260
74
841
,
260
74
841
,
260
73
901
,
261
73
901
,
261
72
911
,
262
72
911
,
262
72
906
,
262
71
918
,
262
71
918
,
262
70
895
,
263
70
895
,
263
70
830
,
263
70
830
,
263
70
809
,
264
70
809
,
264
70
827
,
264
70
827
,
264
69
860
,
264
69
869
,
265
69
869
,
265
69
861
,
265
69
861
,
265
69
889
,
266
69
889
,
266
69
901
,
266
69
901
,
266
70
888
,
266
70
888
,
266
70
862
,
267
70
862
,
267
69
872
,
267
70
710
,
268
70
710
,
268
69
1026
,
268
69
1026
,
268
69
871
,
268
69
871
,
268
69
853
,
268
69
853
,
268
69
873
,
269
69
873
,
269
69
890
,
269
69
890
,
269
69
867
,
270
69
867
,
270
69
875
,
270
69
880
,
270
69
880
,
270
69
895
,
270
69
895
,
270
68
856
,
271
68
856
,
271
69
822
,
271
69
822
,
271
69
830
,
271
69
830
,
271
69
847
,
271
70
848
,
270
70
848
,
270
70
825
,
270
70
825
,
270
70
835
,
270
70
835
,
270
71
863
,
271
71
863
,
271
71
884
,
271
73
658
,
271
73
658
,
271
71
1053
,
271
71
1053
,
271
70
908
,
271
70
908
,
271
71
744
,
271
71
744
,
271
70
1010
,
272
70
1010
,
272
69
880
,
272
69
880
,
272
69
837
,
272
69
814
,
272
69
814
,
272
70
784
,
273
70
784
,
273
71
804
,
273
71
804
,
273
69
828
,
273
69
828
,
273
71
870
,
273
71
851
,
273
71
851
,
273
70
861
,
274
70
861
,
274
73
668
,
274
73
668
,
274
71
1121
,
274
71
1121
,
274
70
913
,
274
70
913
,
274
70
869
,
275
70
869
,
275
69
872
,
275
69
872
,
275
69
848
,
275
70
705
,
275
70
705
,
275
69
944
,
275
69
944
,
275
69
855
,
275
69
855
,
275
70
831
,
276
70
831
,
276
68
830
,
276
71
800
,
277
71
800
,
277
72
822
,
276
72
822
,
276
72
844
,
277
72
844
,
277
72
835
,
277
72
835
,
277
72
850
,
277
72
850
,
277
71
868
,
277
71
873
,
277
71
873
,
277
72
813
,
278
72
813
,
278
72
790
,
278
72
790
,
278
72
783
,
278
72
783
,
278
73
793
,
278
73
815
,
279
73
815
,
279
73
826
,
279
73
826
,
279
73
802
,
278
73
802
,
278
74
797
,
278
74
797
,
278
74
813
,
278
74
828
,
278
74
828
,
278
74
836
,
280
74
836
,
280
74
828
,
280
74
828
,
280
73
847
,
280
73
847
,
280
73
863
,
280
72
866
,
279
72
866
,
279
72
862
,
280
72
862
,
280
72
845
,
280
72
845
,
280
71
818
,
280
71
818
,
280
72
751
,
280
72
860
,
280
72
860
,
280
72
844
,
281
72
844
,
281
71
840
,
281
71
840
,
281
72
823
,
281
72
823
,
281
72
847
,
281
72
847
,
281
72
884
,
281
71
901
,
282
71
901
,
282
71
854
,
281
71
854
,
281
71
848
,
282
71
848
,
282
70
847
,
282
72
690
,
282
72
690
,
282
70
1006
,
282
70
1006
,
282
70
887
,
282
70
887
,
282
71
655
,
283
71
655
,
283
69
1078
,
283
69
1078
,
283
69
881
,
282
69
881
,
282
71
743
,
283
71
743
,
283
69
1029
,
283
69
880
,
283
69
880
,
283
70
742
,
283
70
742
,
283
67
1034
,
284
67
1034
,
284
68
918
,
283
68
918
,
283
70
618
,
283
70
618
,
283
67
1060
,
283
68
909
,
284
68
909
,
284
70
672
,
284
70
672
,
284
68
1017
,
284
68
1017
,
284
69
874
,
284
69
874
,
284
69
834
,
284
69
834
,
284
69
823
,
284
70
829
,
285
70
829
,
285
71
863
,
284
71
863
,
284
68
892
,
285
68
892
,
285
70
862
,
285
70
862
,
285
70
875
,
285
70
875
,
285
69
887
,
284
69
887
,
284
70
872
,
284
70
824
,
285
70
824
,
285
72
622
,
284
72
622
,
284
70
1043
,
285
70
1043
,
285
70
887
,
285
70
887
,
285
70
807
,
285
71
816
,
285
71
816
,
285
71
832
,
285
71
832
,
285
71
880
,
285
71
880
,
285
71
883
,
285
71
883
,
285
71
882
,
285
71
882
,
285
70
909
,
286
70
909
,
286
68
924
,
286
69
883
,
286
69
883
,
286
69
887
,
286
69
887
,
286
68
888
,
286
68
888
,
286
68
877
,
286
68
877
,
286
68
833
,
286
68
833
,
286
70
614
,
286
70
614
,
286
69
1047
,
286
69
890
,
286
69
890
,
286
71
613
,
286
71
613
,
286
70
1015
,
286
70
1015
,
286
70
868
,
286
70
868
,
286
71
830
,
286
71
818
,
286
71
818
,
286
72
825
,
286
72
825
,
286
72
858
,
286
72
858
,
286
70
854
,
287
70
854
,
287
71
852
,
286
71
852
,
286
71
886
,
286
69
898
,
286
69
898
,
286
70
865
,
286
70
865
,
286
70
829
,
287
70
829
,
287
70
837
,
286
70
837
,
286
70
851
,
287
70
851
,
287
70
842
,
287
72
653
,
286
72
653
,
286
70
1018
,
287
70
1018
,
287
70
895
,
287
70
895
,
287
72
668
,
287
72
668
,
287
71
1000
,
287
71
1000
,
287
71
867
,
287
71
817
,
287
71
817
,
287
71
794
,
287
71
794
,
287
72
807
,
287
72
807
,
287
72
842
,
287
72
842
,
287
70
903
,
287
70
903
,
287
71
915
,
287
71
915
,
287
70
953
,
288
70
953
,
288
68
989
,
287
68
989
,
287
68
947
,
287
69
717
,
287
69
717
,
287
68
962
,
288
68
962
,
288
68
836
,
287
68
836
,
287
69
691
,
288
69
691
,
288
68
950
,
288
68
852
,
287
68
852
,
287
69
789
,
287
69
789
,
287
70
833
,
288
70
833
,
288
71
872
,
287
71
872
,
287
72
878
,
287
72
878
,
287
70
875
,
288
70
875
,
288
71
903
,
288
70
906
,
288
70
906
,
288
69
874
,
288
69
874
,
288
69
878
,
288
69
878
,
288
69
860
,
288
69
860
,
288
69
842
,
288
71
598
,
288
71
598
,
288
70
958
,
288
70
958
,
288
71
779
,
288
71
779
,
288
72
727
,
288
73
747
,
286
73
747
,
286
74
853
,
283
74
853
,
283
73
990
,
281
73
990
,
281
72
1030
,
280
72
1030
,
280
71
981
,
281
71
981
,
281
69
1044
,
281
69
1044
,
281
65
1070
,
281
65
1070
,
281
65
997
,
281
65
997
,
281
64
906
,
281
64
906
,
281
63
873
,
282
63
873
,
282
63
835
,
281
63
835
,
281
63
799
,
281
64
823
,
281
64
823
,
281
67
669
,
282
67
669
,
282
66
1142
,
282
66
1142
,
282
67
897
,
282
67
897
,
282
68
860
,
282
68
860
,
282
69
865
,
282
69
865
,
282
70
863
,
282
70
824
,
282
70
824
,
282
70
834
,
282
70
834
,
282
69
868
,
283
69
868
,
283
69
874
,
282
69
874
,
282
67
898
,
282
67
898
,
282
69
930
,
283
69
930
,
283
69
903
,
283
69
822
,
283
69
822
,
283
69
831
,
283
69
831
,
283
70
806
,
283
70
806
,
283
70
806
,
282
70
806
,
282
70
827
,
282
70
847
,
283
70
847
,
283
71
827
,
283
71
827
,
283
71
847
,
283
71
847
,
283
72
861
,
283
72
861
,
283
72
864
,
283
72
864
,
283
72
836
,
283
73
667
,
284
73
667
,
284
71
1042
,
283
71
1042
,
283
71
884
,
284
71
884
,
284
72
615
,
284
72
615
,
284
71
1019
,
284
71
1019
,
284
71
872
,
284
72
633
,
284
72
633
,
284
72
907
,
285
72
907
,
285
72
809
,
284
72
809
,
284
73
751
,
284
72
754
,
285
72
754
,
285
75
786
,
285
75
786
,
285
75
830
,
285
75
830
,
285
73
825
,
284
73
825
,
284
75
836
,
284
75
836
,
284
75
889
,
284
73
884
,
283
73
884
,
283
73
831
,
283
73
831
,
283
73
868
,
283
73
868
,
283
71
891
,
283
71
891
,
283
73
622
,
283
73
622
,
283
71
1026
,
283
70
874
,
283
70
874
,
283
70
801
,
283
70
801
,
283
71
791
,
284
71
791
,
284
72
764
,
284
73
749
,
284
73
749
,
284
73
810
,
284
73
810
,
284
73
911
,
284
73
911
,
284
72
1014
,
284
72
1014
,
284
68
1044
,
284
68
1044
,
284
68
1031
,
283
68
1031
,
283
68
931
,
283
68
931
,
283
67
966
,
283
67
966
,
283
65
968
,
283
65
968
,
283
64
908
,
284
64
908
,
284
63
889
,
284
63
889
,
284
63
878
,
284
63
854
,
283
63
854
,
283
64
835
,
284
64
835
,
284
66
863
,
284
66
863
,
284
67
891
,
284
67
891
,
284
67
900
,
283
67
900
,
283
68
857
,
283
70
645
,
284
70
645
,
284
69
1110
,
284
69
1110
,
284
69
882
,
285
69
882
,
285
69
838
,
284
69
838
,
284
69
841
,
284
69
841
,
284
69
847
,
285
69
847
,
285
70
819
,
285
70
823
,
285
70
823
,
285
70
850
,
285
70
850
,
285
70
867
,
285
70
867
,
285
70
701
,
285
70
701
,
285
71
1042
,
285
71
1042
,
285
70
920
,
285
72
648
,
285
72
648
,
285
70
1048
,
285
70
1048
,
285
70
866
,
284
70
866
,
284
70
826
,
285
70
826
,
285
70
831
,
285
70
831
,
285
70
814
,
285
70
819
,
285
70
819
,
285
69
877
,
285
69
877
,
285
70
957
,
285
70
957
,
285
70
929
,
285
70
929
,
285
67
957
,
285
67
957
,
285
68
966
,
285
68
966
,
285
68
890
,
286
68
890
,
286
67
872
,
286
67
872
,
286
67
875
,
286
67
865
,
286
67
865
,
286
66
838
,
283
66
838
,
283
67
836
,
281
67
836
,
281
68
841
,
282
68
841
,
282
68
821
,
281
68
821
,
281
70
812
,
281
71
829
,
281
71
829
,
281
71
804
,
280
71
804
,
280
72
798
,
281
72
798
,
281
72
840
,
280
72
840
,
280
73
847
,
280
73
821
,
281
73
821
,
281
73
809
,
281
73
809
,
281
73
816
,
281
73
816
,
281
73
813
,
281
73
813
,
281
73
830
,
281
73
836
,
281
73
836
,
281
73
803
,
277
73
803
,
277
73
819
,
276
73
819
,
276
73
843
,
277
73
843
,
277
73
868
,
277
72
843
,
277
72
843
,
277
72
805
,
277
72
805
,
277
72
818
,
277
72
818
,
277
74
640
,
278
74
640
,
278
72
1023
,
277
72
1023
,
277
72
864
,
277
72
829
,
278
72
829
,
278
72
835
,
278
72
835
,
278
72
821
,
278
72
821
,
278
72
803
,
276
72
803
,
276
73
826
,
276
72
850
,
277
72
850
,
277
72
836
,
277
72
836
,
277
70
841
,
278
70
841
,
278
72
854
,
277
72
854
,
277
72
844
,
278
72
844
,
278
72
818
,
278
72
825
,
278
72
825
,
278
72
825
,
279
72
825
,
279
72
804
,
279
72
804
,
279
72
800
,
279
72
800
,
279
73
813
,
279
73
808
,
278
73
808
,
278
74
690
,
278
74
690
,
278
74
900
,
278
74
900
,
278
74
835
,
278
74
780
,
278
74
780
,
278
75
760
,
278
75
760
,
278
75
778
,
277
75
778
,
277
75
818
,
274
75
818
,
274
75
869
,
274
74
859
,
274
74
859
,
274
73
875
,
271
73
875
,
271
72
894
,
262
72
894
,
262
72
876
,
260
72
876
,
260
72
837
,
261
72
837
,
261
71
849
,
251
71
849
,
251
71
853
,
251
70
822
,
249
70
822
,
249
72
655
,
251
72
655
,
251
70
1013
,
252
70
1013
,
252
70
882
,
253
70
882
,
253
71
813
,
253
71
828
,
253
71
828
,
253
71
846
,
253
71
846
,
253
71
833
,
252
71
833
,
252
72
811
,
249
72
811
,
249
72
825
,
231
72
825
,
231
72
852
,
231
70
856
,
223
70
856
,
223
73
728
,
226
73
728
,
226
72
918
,
219
72
918
,
219
72
837
,
218
72
837
,
218
72
812
,
218
72
805
,
220
72
805
,
220
73
805
,
223
73
805
,
223
73
821
,
217
73
821
,
217
72
842
,
217
75
615
,
213
75
615
,
213
73
1033
,
214
73
1033
,
214
72
900
,
215
72
900
,
215
72
853
,
216
72
853
,
216
72
808
,
217
72
808
,
217
72
798
,
218
72
798
,
218
72
817
,
218
72
857
,
218
72
857
,
218
72
851
,
219
72
851
,
219
71
874
,
218
71
874
,
218
69
922
,
217
69
922
,
217
70
913
,
218
70
913
,
218
70
863
,
219
70
863
,
219
70
868
,
219
69
873
,
219
69
873
,
219
69
862
,
220
69
862
,
220
69
826
,
221
69
826
,
221
69
850
,
222
69
850
,
222
69
847
,
222
69
847
,
222
69
832
,
222
70
820
,
224
70
820
,
224
71
823
,
225
71
823
,
225
71
833
,
226
71
833
,
226
72
815
,
227
72
815
,
227
72
810
,
227
72
828
,
227
72
828
,
227
72
836
,
228
72
836
,
228
73
810
,
229
73
810
,
229
73
802
,
230
73
802
,
230
73
813
,
230
73
808
,
228
73
808
,
228
74
786
,
228
74
786
,
228
74
809
,
229
74
809
,
229
74
819
,
229
76
622
,
227
76
622
,
227
74
996
,
224
74
996
,
224
74
863
,
227
74
863
,
227
74
798
,
222
74
798
,
222
74
783
,
222
74
787
,
222
74
787
,
222
74
817
,
215
74
817
,
215
74
861
,
210
74
861
,
210
73
882
,
212
73
882
,
212
72
916
,
208
72
916
,
208
69
952
,
209
69
952
,
209
70
918
,
209
70
875
,
212
70
875
,
212
69
869
,
203
69
869
,
203
69
835
,
189
69
835
,
189
69
796
,
182
69
796
,
182
69
803
,
182
69
816
,
164
69
816
,
164
70
820
,
139
70
820
,
139
71
818
,
146
71
818
,
146
71
848
,
156
71
848
,
156
72
836
,
160
72
836
,
160
73
819
,
160
73
835
,
164
73
835
,
164
73
847
,
167
73
847
,
167
72
868
,
170
72
868
,
170
72
841
,
173
72
841
,
173
72
822
,
176
72
822
,
176
72
845
,
176
71
853
,
178
71
853
,
178
71
836
,
181
71
836
,
181
72
821
,
183
72
821
,
183
71
832
,
185
71
832
,
185
72
825
,
185
72
780
,
184
72
780
,
184
73
756
,
148
73
756
,
148
74
733
,
134
74
733
,
134
75
744
,
134
75
770
,
127
75
770
,
127
76
806
,
133
76
806
,
133
76
812
,
132
76
812
,
132
76
808
,
134
76
808
,
134
77
764
,
134
78
757
,
117
78
757
,
117
78
742
,
85
78
742
,
85
78
729
,
